100
2
4950
0 1 91291191 0
0 2 0 2
0 3 10155471 0
0 4 13762187 1
0 5 38088089 0
0 6 83214316 2
0 7 0 2
0 8 55723370 0
0 9 71321544 1
0 10 82524184 0
0 11 39849320 0
0 12 99159094 0
0 13 0 2
0 14 81398644 0
0 15 0 2
0 16 10793808 0
0 17 8350533 0
0 18 0 2
0 19 84600377 0
0 20 48160966 0
0 21 0 2
0 22 0 2
0 23 73374253 1
0 24 42332811 0
0 25 60546364 0
0 26 35260533 0
0 27 12872227 0
0 28 74951841 0
0 29 81316559 0
0 30 60056250 0
0 31 0 2
0 32 0 2
0 33 0 2
0 34 93012579 0
0 35 29764987 0
0 36 87610094 1
0 37 0 2
0 38 97238717 0
0 39 90977721 0
0 40 0 2
0 41 55727662 0
0 42 0 2
0 43 0 2
0 44 0 2
0 45 0 2
0 46 0 2
0 47 85018719 0
0 48 19689915 0
0 49 74504850 0
0 50 23347751 2
0 51 99606035 0
0 52 50600785 0
0 53 93498778 0
0 54 4101480 1
0 55 15855922 0
0 56 0 2
0 57 0 2
0 58 98156303 0
0 59 68332226 0
0 60 10241973 0
0 61 25874782 1
0 62 26173856 0
0 63 0 2
0 64 99158066 1
0 65 58559993 0
0 66 908328 1
0 67 22034400 0
0 68 23421950 0
0 69 6884540 0
0 70 63505365 0
0 71 0 2
0 72 72716346 0
0 73 0 2
0 74 0 2
0 75 46104540 0
0 76 64059406 0
0 77 0 2
0 78 63803822 0
0 79 76497730 0
0 80 71514512 0
0 81 0 2
0 82 0 2
0 83 0 2
0 84 96995399 0
0 85 15738416 0
0 86 12352490 0
0 87 18862935 0
0 88 0 2
0 89 50686944 0
0 90 34705707 0
0 91 24389445 0
0 92 0 2
0 93 0 2
0 94 0 2
0 95 47129170 0
0 96 66696745 0
0 97 72541290 2
0 98 27615398 0
0 99 0 2
1 2 66293414 0
1 3 0 2
1 4 7519441 0
1 5 0 2
1 6 0 2
1 7 62180908 0
1 8 78231757 1
1 9 64636613 0
1 10 83944933 2
1 11 42853138 0
1 12 0 2
1 13 42013955 0
1 14 0 2
1 15 83191436 1
1 16 0 2
1 17 23133249 0
1 18 0 2
1 19 18597377 2
1 20 0 2
1 21 70904608 1
1 22 19340103 2
1 23 2781269 0
1 24 16597284 0
1 25 3943811 0
1 26 62413308 0
1 27 0 2
1 28 7745026 0
1 29 24720367 0
1 30 86904860 0
1 31 0 2
1 32 50165638 0
1 33 0 2
1 34 46732590 0
1 35 0 2
1 36 0 2
1 37 29223563 2
1 38 59538674 0
1 39 85984549 0
1 40 0 2
1 41 55734676 0
1 42 0 2
1 43 84181697 1
1 44 0 2
1 45 40758109 1
1 46 0 2
1 47 79175400 0
1 48 97618475 0
1 49 0 2
1 50 67351817 0
1 51 0 2
1 52 0 2
1 53 51955265 0
1 54 41079768 0
1 55 0 2
1 56 3810153 0
1 57 28604444 0
1 58 19559283 1
1 59 57231227 1
1 60 0 2
1 61 4040729 1
1 62 32038024 0
1 63 10919163 1
1 64 0 2
1 65 19346420 1
1 66 84752246 0
1 67 31202457 2
1 68 0 2
1 69 0 2
1 70 73969810 0
1 71 24016976 0
1 72 72820798 0
1 73 63270670 0
1 74 0 2
1 75 0 2
1 76 48318207 0
1 77 0 2
1 78 59281538 0
1 79 31647612 1
1 80 39587093 0
1 81 0 2
1 82 80563340 0
1 83 6126621 0
1 84 39204861 2
1 85 83385176 0
1 86 0 2
1 87 50225403 0
1 88 61270544 0
1 89 70236004 1
1 90 90210356 0
1 91 71019176 1
1 92 22739504 0
1 93 0 2
1 94 3637758 1
1 95 39214378 1
1 96 5494498 1
1 97 0 2
1 98 45677428 0
1 99 27833391 0
2 3 0 2
2 4 0 2
2 5 74281756 0
2 6 0 2
2 7 70685927 0
2 8 0 2
2 9 0 2
2 10 0 2
2 11 42768106 0
2 12 59728705 0
2 13 0 2
2 14 0 2
2 15 17694460 2
2 16 0 2
2 17 0 2
2 18 0 2
2 19 23525579 0
2 20 0 2
2 21 0 2
2 22 0 2
2 23 68345594 0
2 24 97664254 1
2 25 83428553 2
2 26 934274 1
2 27 0 2
2 28 41385293 0
2 29 99770854 0
2 30 0 2
2 31 0 2
2 32 0 2
2 33 43528300 0
2 34 15637451 0
2 35 1201490 0
2 36 41845528 1
2 37 14039868 2
2 38 97311086 0
2 39 84016199 0
2 40 90840999 1
2 41 0 2
2 42 92785296 0
2 43 99762515 0
2 44 0 2
2 45 12147922 1
2 46 23767420 0
2 47 0 2
2 48 0 2
2 49 93283013 0
2 50 7352342 1
2 51 0 2
2 52 8021217 0
2 53 0 2
2 54 37331795 1
2 55 0 2
2 56 29050143 2
2 57 80079837 0
2 58 22559356 0
2 59 0 2
2 60 60302681 0
2 61 0 2
2 62 96273593 0
2 63 70225158 0
2 64 53520307 0
2 65 0 2
2 66 71550017 2
2 67 8890234 0
2 68 77186442 0
2 69 99923846 2
2 70 0 2
2 71 46767450 2
2 72 31790389 0
2 73 80833430 0
2 74 38185905 0
2 75 12456947 2
2 76 97254839 0
2 77 0 2
2 78 58053971 0
2 79 90631578 0
2 80 0 2
2 81 0 2
2 82 0 2
2 83 0 2
2 84 0 2
2 85 38171407 0
2 86 20633286 0
2 87 0 2
2 88 0 2
2 89 0 2
2 90 42530841 0
2 91 25243986 1
2 92 40039408 0
2 93 99546894 1
2 94 0 2
2 95 0 2
2 96 14660351 2
2 97 18215385 2
2 98 0 2
2 99 36851627 0
3 4 93142093 1
3 5 0 2
3 6 88543049 0
3 7 51233586 0
3 8 85057609 1
3 9 0 2
3 10 35430053 1
3 11 4121868 0
3 12 78524723 0
3 13 54982506 0
3 14 93972090 2
3 15 0 2
3 16 0 2
3 17 74734692 0
3 18 51843372 0
3 19 80187779 2
3 20 70988593 0
3 21 0 2
3 22 61746390 0
3 23 9462110 0
3 24 82681731 1
3 25 0 2
3 26 84353912 0
3 27 0 2
3 28 44094069 2
3 29 0 2
3 30 39842676 0
3 31 0 2
3 32 15143362 0
3 33 27879650 0
3 34 67509238 2
3 35 0 2
3 36 0 2
3 37 10931178 1
3 38 0 2
3 39 0 2
3 40 0 2
3 41 0 2
3 42 68805793 0
3 43 0 2
3 44 3614790 0
3 45 51387921 1
3 46 0 2
3 47 31007883 0
3 48 0 2
3 49 0 2
3 50 1906020 1
3 51 81200673 1
3 52 50705342 0
3 53 34277239 1
3 54 95670075 0
3 55 95809278 0
3 56 76949630 0
3 57 0 2
3 58 0 2
3 59 2037396 0
3 60 0 2
3 61 71523354 0
3 62 52861089 0
3 63 0 2
3 64 9109523 1
3 65 20649329 0
3 66 4308448 0
3 67 52784176 0
3 68 0 2
3 69 57578656 1
3 70 0 2
3 71 96942261 0
3 72 0 2
3 73 75183017 1
3 74 44446373 0
3 75 21847221 0
3 76 80921569 0
3 77 76560301 0
3 78 97655234 1
3 79 56830899 0
3 80 0 2
3 81 0 2
3 82 35525883 0
3 83 97877178 0
3 84 0 2
3 85 87537549 0
3 86 0 2
3 87 74034656 1
3 88 75627205 0
3 89 12576690 2
3 90 45220731 1
3 91 90804717 1
3 92 0 2
3 93 23897910 0
3 94 0 2
3 95 86210895 1
3 96 0 2
3 97 40608165 2
3 98 99091996 0
3 99 71150516 0
4 5 0 2
4 6 76900479 1
4 7 0 2
4 8 87871499 0
4 9 0 2
4 10 48529833 0
4 11 89095471 1
4 12 0 2
4 13 62009000 0
4 14 0 2
4 15 26619042 1
4 16 0 2
4 17 0 2
4 18 81355235 0
4 19 3472907 2
4 20 33681086 0
4 21 0 2
4 22 0 2
4 23 0 2
4 24 19071344 0
4 25 2599822 0
4 26 43626688 0
4 27 15733467 1
4 28 1916355 0
4 29 0 2
4 30 0 2
4 31 62895323 2
4 32 17745407 2
4 33 77516568 1
4 34 62426749 0
4 35 0 2
4 36 98275874 0
4 37 0 2
4 38 67568392 1
4 39 38628754 2
4 40 39706143 0
4 41 24930888 0
4 42 61140005 1
4 43 96507737 1
4 44 0 2
4 45 74077284 1
4 46 0 2
4 47 0 2
4 48 0 2
4 49 69777822 0
4 50 72047793 0
4 51 99806500 0
4 52 0 2
4 53 77270167 0
4 54 15797477 1
4 55 69326083 0
4 56 38911889 0
4 57 47872267 1
4 58 0 2
4 59 27063597 0
4 60 22495944 0
4 61 0 2
4 62 60989030 0
4 63 0 2
4 64 0 2
4 65 0 2
4 66 0 2
4 67 0 2
4 68 45602572 0
4 69 26191788 0
4 70 60394613 1
4 71 11134345 0
4 72 0 2
4 73 0 2
4 74 83004131 0
4 75 55071862 1
4 76 50298180 0
4 77 79860712 1
4 78 0 2
4 79 0 2
4 80 57224460 2
4 81 29885176 0
4 82 0 2
4 83 0 2
4 84 55786691 1
4 85 44996854 1
4 86 9234725 1
4 87 95921142 1
4 88 10551866 1
4 89 53484986 0
4 90 76670440 0
4 91 47348162 0
4 92 0 2
4 93 2388782 0
4 94 0 2
4 95 325826 0
4 96 99798054 0
4 97 0 2
4 98 45941373 0
4 99 34626754 0
5 6 59206594 1
5 7 0 2
5 8 3852088 0
5 9 23126351 0
5 10 0 2
5 11 80440837 1
5 12 0 2
5 13 0 2
5 14 0 2
5 15 0 2
5 16 0 2
5 17 6427487 0
5 18 0 2
5 19 0 2
5 20 0 2
5 21 0 2
5 22 42057882 1
5 23 37379390 1
5 24 12658906 0
5 25 0 2
5 26 54245912 2
5 27 0 2
5 28 0 2
5 29 0 2
5 30 0 2
5 31 35395598 0
5 32 35045178 1
5 33 0 2
5 34 92776620 2
5 35 5411093 2
5 36 72545160 0
5 37 0 2
5 38 69043490 0
5 39 99039871 0
5 40 7981600 2
5 41 29664982 0
5 42 42819639 0
5 43 0 2
5 44 0 2
5 45 48630337 0
5 46 51720674 1
5 47 0 2
5 48 2709142 0
5 49 0 2
5 50 0 2
5 51 25469604 0
5 52 0 2
5 53 14689840 0
5 54 0 2
5 55 62988474 0
5 56 31733709 0
5 57 76860966 0
5 58 28110003 0
5 59 0 2
5 60 0 2
5 61 0 2
5 62 73451406 2
5 63 0 2
5 64 41971381 1
5 65 96286436 0
5 66 0 2
5 67 0 2
5 68 28057658 0
5 69 0 2
5 70 0 2
5 71 34133785 0
5 72 0 2
5 73 62098406 0
5 74 0 2
5 75 21305643 0
5 76 35670 0
5 77 9655062 2
5 78 0 2
5 79 0 2
5 80 0 2
5 81 0 2
5 82 67163047 0
5 83 5996647 0
5 84 37097280 2
5 85 0 2
5 86 0 2
5 87 1215226 2
5 88 0 2
5 89 71142970 0
5 90 0 2
5 91 0 2
5 92 59826295 0
5 93 0 2
5 94 55419969 0
5 95 0 2
5 96 41179123 0
5 97 0 2
5 98 52139340 0
5 99 6063855 0
6 7 0 2
6 8 42805433 0
6 9 83686928 0
6 10 17594306 0
6 11 0 2
6 12 72669402 1
6 13 35082135 0
6 14 50629091 0
6 15 89494441 0
6 16 0 2
6 17 0 2
6 18 0 2
6 19 65175912 1
6 20 35046479 1
6 21 0 2
6 22 36807339 2
6 23 22695146 0
6 24 25133663 2
6 25 53943577 0
6 26 10091362 0
6 27 10609481 1
6 28 48587577 0
6 29 0 2
6 30 0 2
6 31 43689807 0
6 32 74179975 1
6 33 0 2
6 34 0 2
6 35 0 2
6 36 42182203 0
6 37 95811967 1
6 38 73315142 1
6 39 63531044 0
6 40 33067308 0
6 41 75885597 1
6 42 96132619 0
6 43 0 2
6 44 0 2
6 45 3531948 0
6 46 46056994 0
6 47 8639680 0
6 48 69372655 1
6 49 27776740 0
6 50 75788354 2
6 51 0 2
6 52 0 2
6 53 52624985 0
6 54 0 2
6 55 76570250 0
6 56 18883314 0
6 57 0 2
6 58 30534058 0
6 59 0 2
6 60 0 2
6 61 38790052 0
6 62 74525399 1
6 63 15705320 2
6 64 66312630 0
6 65 0 2
6 66 71359286 0
6 67 0 2
6 68 83264249 0
6 69 0 2
6 70 31505641 0
6 71 21264921 0
6 72 0 2
6 73 92405106 0
6 74 0 2
6 75 28320339 0
6 76 79703731 0
6 77 75241299 2
6 78 0 2
6 79 0 2
6 80 86713507 0
6 81 69157299 2
6 82 0 2
6 83 0 2
6 84 94240256 1
6 85 0 2
6 86 99795754 1
6 87 0 2
6 88 74142637 1
6 89 83610375 0
6 90 0 2
6 91 75955656 2
6 92 0 2
6 93 0 2
6 94 47235142 0
6 95 0 2
6 96 51470285 0
6 97 99964763 0
6 98 0 2
6 99 0 2
7 8 78320437 0
7 9 80990194 1
7 10 0 2
7 11 57659491 1
7 12 0 2
7 13 0 2
7 14 56779408 0
7 15 0 2
7 16 40049672 0
7 17 5071389 0
7 18 95601074 0
7 19 67629326 1
7 20 0 2
7 21 91966757 1
7 22 49909255 1
7 23 0 2
7 24 11889548 0
7 25 1445064 0
7 26 65839149 0
7 27 3696831 1
7 28 0 2
7 29 0 2
7 30 0 2
7 31 20927859 0
7 32 84617199 0
7 33 18978851 0
7 34 0 2
7 35 0 2
7 36 0 2
7 37 80469649 0
7 38 27282185 1
7 39 0 2
7 40 38640778 2
7 41 0 2
7 42 66490175 0
7 43 82814051 0
7 44 35454970 0
7 45 91802691 2
7 46 38982100 1
7 47 0 2
7 48 0 2
7 49 37426508 2
7 50 59593923 0
7 51 66522650 0
7 52 0 2
7 53 31654700 0
7 54 45413832 0
7 55 0 2
7 56 88732471 0
7 57 0 2
7 58 0 2
7 59 72444096 2
7 60 0 2
7 61 98927088 0
7 62 0 2
7 63 33142141 0
7 64 0 2
7 65 28777697 0
7 66 0 2
7 67 0 2
7 68 80149571 2
7 69 0 2
7 70 45909291 1
7 71 0 2
7 72 0 2
7 73 0 2
7 74 68747524 0
7 75 23297609 0
7 76 0 2
7 77 82662349 0
7 78 61954938 0
7 79 0 2
7 80 42027719 0
7 81 32474368 0
7 82 77472947 0
7 83 62713903 1
7 84 76250585 0
7 85 46086279 0
7 86 0 2
7 87 0 2
7 88 57447018 2
7 89 84061152 0
7 90 48717353 0
7 91 0 2
7 92 56773915 1
7 93 41386132 0
7 94 88393015 0
7 95 0 2
7 96 0 2
7 97 8364537 1
7 98 87911635 0
7 99 56882675 2
8 9 59047640 0
8 10 70672757 1
8 11 82784923 0
8 12 0 2
8 13 92869851 1
8 14 4864495 0
8 15 0 2
8 16 67571963 0
8 17 94463772 0
8 18 45990362 1
8 19 0 2
8 20 37582710 2
8 21 6633883 0
8 22 95428740 2
8 23 74631714 0
8 24 32757884 0
8 25 89845193 1
8 26 69459036 0
8 27 95676326 0
8 28 12836357 2
8 29 6776962 0
8 30 79935254 1
8 31 67217482 2
8 32 18466018 1
8 33 50004192 1
8 34 0 2
8 35 68257308 2
8 36 94089113 0
8 37 0 2
8 38 29438537 1
8 39 34358540 0
8 40 0 2
8 41 4133840 1
8 42 66985455 0
8 43 98415607 0
8 44 79798085 1
8 45 13855678 0
8 46 0 2
8 47 0 2
8 48 0 2
8 49 0 2
8 50 85283206 0
8 51 0 2
8 52 80722909 0
8 53 43370297 1
8 54 0 2
8 55 0 2
8 56 0 2
8 57 59101245 0
8 58 1644513 0
8 59 0 2
8 60 68417939 0
8 61 96422806 0
8 62 0 2
8 63 0 2
8 64 0 2
8 65 0 2
8 66 0 2
8 67 61500394 2
8 68 40442640 0
8 69 89948469 0
8 70 13963930 0
8 71 0 2
8 72 0 2
8 73 0 2
8 74 0 2
8 75 0 2
8 76 29128895 0
8 77 0 2
8 78 31288354 0
8 79 52603518 0
8 80 68659388 0
8 81 0 2
8 82 0 2
8 83 34808106 0
8 84 7505102 0
8 85 0 2
8 86 63728131 0
8 87 99353384 0
8 88 97091886 0
8 89 46056328 2
8 90 0 2
8 91 0 2
8 92 0 2
8 93 84651793 0
8 94 0 2
8 95 15175566 0
8 96 0 2
8 97 0 2
8 98 6436087 0
8 99 92980188 0
9 10 0 2
9 11 24504726 0
9 12 0 2
9 13 0 2
9 14 0 2
9 15 46684169 1
9 16 0 2
9 17 65853273 0
9 18 66616225 0
9 19 66919713 0
9 20 39699318 0
9 21 0 2
9 22 33251281 0
9 23 61066369 0
9 24 25567465 0
9 25 0 2
9 26 0 2
9 27 62834745 0
9 28 18995387 0
9 29 27521758 0
9 30 5870342 2
9 31 0 2
9 32 57918719 0
9 33 11457765 0
9 34 0 2
9 35 25423680 0
9 36 44128972 0
9 37 39182533 0
9 38 81882140 0
9 39 0 2
9 40 82689061 0
9 41 98053365 0
9 42 45934800 0
9 43 42697157 2
9 44 89939129 2
9 45 94053177 0
9 46 23401468 0
9 47 0 2
9 48 4858650 0
9 49 0 2
9 50 27717385 1
9 51 72592339 0
9 52 0 2
9 53 0 2
9 54 0 2
9 55 67313609 0
9 56 96569089 0
9 57 0 2
9 58 19982796 0
9 59 40011007 0
9 60 32708827 2
9 61 46838261 1
9 62 92438966 1
9 63 0 2
9 64 64441870 2
9 65 0 2
9 66 0 2
9 67 0 2
9 68 80585197 1
9 69 0 2
9 70 14966222 1
9 71 148072 0
9 72 0 2
9 73 67700409 1
9 74 0 2
9 75 34124571 0
9 76 0 2
9 77 54082765 0
9 78 63368239 0
9 79 0 2
9 80 85836898 0
9 81 36551431 0
9 82 11447564 0
9 83 19405106 1
9 84 3041769 0
9 85 28979347 0
9 86 19639381 0
9 87 32989291 0
9 88 35992482 1
9 89 33422197 0
9 90 0 2
9 91 81889061 0
9 92 53124452 0
9 93 0 2
9 94 0 2
9 95 8791898 0
9 96 54216462 0
9 97 26483074 1
9 98 0 2
9 99 38315872 2
10 11 0 2
10 12 0 2
10 13 78618642 2
10 14 1406028 0
10 15 86068969 2
10 16 0 2
10 17 84878521 0
10 18 0 2
10 19 43604092 0
10 20 74319087 0
10 21 94731401 1
10 22 69639462 0
10 23 71233052 2
10 24 0 2
10 25 0 2
10 26 0 2
10 27 74166223 0
10 28 73461950 0
10 29 69798562 0
10 30 10742544 0
10 31 36311621 0
10 32 5971455 0
10 33 26184327 0
10 34 17027835 0
10 35 0 2
10 36 7557351 1
10 37 85301177 1
10 38 0 2
10 39 28338430 0
10 40 0 2
10 41 8665355 0
10 42 94947506 0
10 43 2577301 0
10 44 0 2
10 45 21996101 0
10 46 0 2
10 47 14057431 0
10 48 0 2
10 49 68677615 2
10 50 0 2
10 51 70631077 1
10 52 47319090 0
10 53 12981450 1
10 54 96283293 0
10 55 0 2
10 56 71846975 0
10 57 0 2
10 58 0 2
10 59 0 2
10 60 15526898 0
10 61 2216032 0
10 62 34761834 0
10 63 55014471 0
10 64 64760052 0
10 65 0 2
10 66 34781775 0
10 67 0 2
10 68 72550494 0
10 69 0 2
10 70 64783920 0
10 71 46805944 0
10 72 56114441 0
10 73 0 2
10 74 86228105 1
10 75 28749786 0
10 76 29293768 2
10 77 0 2
10 78 67691300 0
10 79 0 2
10 80 0 2
10 81 59794627 1
10 82 44769567 0
10 83 0 2
10 84 29285265 0
10 85 0 2
10 86 72302647 0
10 87 2622723 1
10 88 24776089 0
10 89 86743040 0
10 90 0 2
10 91 46577679 1
10 92 42139593 0
10 93 0 2
10 94 59371619 0
10 95 10742302 1
10 96 0 2
10 97 59549312 0
10 98 0 2
10 99 0 2
11 12 65412318 1
11 13 60375689 0
11 14 88769582 1
11 15 32199198 0
11 16 51734644 0
11 17 0 2
11 18 48827465 0
11 19 9395320 0
11 20 81409336 0
11 21 82483976 0
11 22 0 2
11 23 0 2
11 24 0 2
11 25 0 2
11 26 47239850 1
11 27 0 2
11 28 21868450 0
11 29 0 2
11 30 2426925 1
11 31 0 2
11 32 64027908 0
11 33 0 2
11 34 62353874 0
11 35 0 2
11 36 0 2
11 37 25742589 0
11 38 94481317 0
11 39 0 2
11 40 20763163 0
11 41 41220641 0
11 42 66468631 2
11 43 76985647 0
11 44 71716702 0
11 45 0 2
11 46 90286503 0
11 47 3983662 0
11 48 79670153 2
11 49 65640156 0
11 50 0 2
11 51 0 2
11 52 86533908 1
11 53 92215341 0
11 54 38708555 0
11 55 52062588 0
11 56 67941891 0
11 57 76881394 0
11 58 22700533 0
11 59 0 2
11 60 86772724 2
11 61 0 2
11 62 39776416 0
11 63 0 2
11 64 36981244 0
11 65 17417894 0
11 66 86565221 1
11 67 0 2
11 68 0 2
11 69 14018704 2
11 70 0 2
11 71 36493890 0
11 72 0 2
11 73 28477602 0
11 74 70943101 0
11 75 63803342 0
11 76 0 2
11 77 57721596 0
11 78 13817324 0
11 79 72477294 1
11 80 0 2
11 81 41316706 1
11 82 0 2
11 83 48261232 1
11 84 49448763 0
11 85 0 2
11 86 0 2
11 87 0 2
11 88 62684199 0
11 89 0 2
11 90 0 2
11 91 13634270 0
11 92 0 2
11 93 0 2
11 94 39611638 2
11 95 64914333 1
11 96 63773673 0
11 97 70315868 0
11 98 0 2
11 99 0 2
12 13 90714577 1
12 14 0 2
12 15 0 2
12 16 23228937 0
12 17 0 2
12 18 0 2
12 19 41135988 1
12 20 28333772 0
12 21 17989076 0
12 22 0 2
12 23 96387533 0
12 24 42635337 1
12 25 24573449 2
12 26 8787780 0
12 27 29581394 0
12 28 0 2
12 29 40510464 0
12 30 3945618 1
12 31 31594854 0
12 32 41460204 0
12 33 99263948 2
12 34 83675230 1
12 35 0 2
12 36 64746066 0
12 37 88745429 0
12 38 43715511 0
12 39 1243636 0
12 40 31261632 2
12 41 58470438 0
12 42 0 2
12 43 68839781 0
12 44 71685172 0
12 45 0 2
12 46 73138404 0
12 47 68143478 0
12 48 26643381 0
12 49 29611531 1
12 50 0 2
12 51 83374113 1
12 52 48475216 0
12 53 2504975 0
12 54 0 2
12 55 23886068 0
12 56 34391280 1
12 57 0 2
12 58 1104773 2
12 59 17644742 0
12 60 73242157 1
12 61 39813182 0
12 62 0 2
12 63 0 2
12 64 0 2
12 65 0 2
12 66 0 2
12 67 18047478 0
12 68 76066826 0
12 69 9598386 0
12 70 0 2
12 71 0 2
12 72 2252511 0
12 73 18633253 0
12 74 0 2
12 75 3686220 1
12 76 0 2
12 77 0 2
12 78 47620483 0
12 79 0 2
12 80 21155007 0
12 81 0 2
12 82 0 2
12 83 30940899 1
12 84 0 2
12 85 0 2
12 86 0 2
12 87 0 2
12 88 0 2
12 89 0 2
12 90 66720899 0
12 91 43480370 0
12 92 3796649 0
12 93 47100660 0
12 94 69661960 1
12 95 0 2
12 96 73068213 0
12 97 14115327 1
12 98 0 2
12 99 0 2
13 14 95021578 0
13 15 0 2
13 16 82173436 0
13 17 0 2
13 18 42005981 0
13 19 0 2
13 20 21338361 0
13 21 40038610 1
13 22 20944398 0
13 23 7574754 0
13 24 75504525 0
13 25 92733316 0
13 26 0 2
13 27 0 2
13 28 0 2
13 29 29133555 0
13 30 83317785 0
13 31 0 2
13 32 47353076 1
13 33 53716156 0
13 34 1234819 0
13 35 0 2
13 36 64751561 0
13 37 34858036 2
13 38 0 2
13 39 77844832 0
13 40 0 2
13 41 0 2
13 42 7924825 0
13 43 0 2
13 44 0 2
13 45 0 2
13 46 13586627 0
13 47 0 2
13 48 52091853 0
13 49 851728 1
13 50 0 2
13 51 0 2
13 52 0 2
13 53 72501382 0
13 54 72546245 0
13 55 61907904 0
13 56 75680672 0
13 57 94933808 0
13 58 0 2
13 59 0 2
13 60 75961886 0
13 61 36121549 0
13 62 84621868 0
13 63 1145344 0
13 64 35910342 0
13 65 69057791 0
13 66 44745700 0
13 67 40324804 0
13 68 23158567 0
13 69 56438938 0
13 70 58346279 1
13 71 51770071 2
13 72 46855235 0
13 73 0 2
13 74 0 2
13 75 0 2
13 76 33475707 0
13 77 0 2
13 78 5761494 0
13 79 53703021 0
13 80 1181095 0
13 81 0 2
13 82 48118924 0
13 83 64309124 0
13 84 0 2
13 85 0 2
13 86 0 2
13 87 99474150 1
13 88 0 2
13 89 94359202 0
13 90 0 2
13 91 0 2
13 92 55531538 1
13 93 0 2
13 94 73973621 1
13 95 0 2
13 96 96555103 1
13 97 0 2
13 98 0 2
13 99 0 2
14 15 15825568 2
14 16 0 2
14 17 5182161 0
14 18 93658149 0
14 19 74177447 2
14 20 0 2
14 21 11070729 1
14 22 17192306 2
14 23 52541903 0
14 24 91819192 0
14 25 0 2
14 26 44640949 0
14 27 24725408 0
14 28 0 2
14 29 67138034 2
14 30 43305299 2
14 31 0 2
14 32 64848971 1
14 33 61247347 0
14 34 0 2
14 35 7562529 0
14 36 5150887 0
14 37 67244100 1
14 38 0 2
14 39 0 2
14 40 7250447 1
14 41 70781747 0
14 42 73743052 1
14 43 45584495 0
14 44 0 2
14 45 80750201 0
14 46 0 2
14 47 15197198 0
14 48 52638290 0
14 49 89307768 0
14 50 0 2
14 51 38390051 0
14 52 0 2
14 53 0 2
14 54 1154691 0
14 55 58082926 0
14 56 0 2
14 57 0 2
14 58 0 2
14 59 0 2
14 60 62808713 1
14 61 67539985 1
14 62 0 2
14 63 0 2
14 64 11420763 1
14 65 0 2
14 66 0 2
14 67 39486190 0
14 68 0 2
14 69 47847509 0
14 70 0 2
14 71 0 2
14 72 56724477 1
14 73 0 2
14 74 40995342 1
14 75 0 2
14 76 79643524 1
14 77 7147353 0
14 78 0 2
14 79 32384899 0
14 80 98979971 0
14 81 59633284 0
14 82 45370357 0
14 83 0 2
14 84 53325652 2
14 85 76122032 0
14 86 1821687 0
14 87 0 2
14 88 96765022 0
14 89 31038845 0
14 90 66588953 0
14 91 0 2
14 92 15224716 0
14 93 0 2
14 94 0 2
14 95 0 2
14 96 81923213 0
14 97 0 2
14 98 0 2
14 99 82454628 0
15 16 0 2
15 17 0 2
15 18 18633611 0
15 19 0 2
15 20 0 2
15 21 0 2
15 22 81649541 0
15 23 0 2
15 24 0 2
15 25 34074687 1
15 26 23716114 0
15 27 0 2
15 28 0 2
15 29 80569870 1
15 30 75835491 0
15 31 48200063 0
15 32 0 2
15 33 0 2
15 34 80589758 2
15 35 0 2
15 36 70777177 2
15 37 0 2
15 38 0 2
15 39 0 2
15 40 45140395 0
15 41 72542266 0
15 42 19105520 0
15 43 95054963 0
15 44 77083358 0
15 45 43677532 0
15 46 0 2
15 47 82335760 1
15 48 29438277 0
15 49 9838969 0
15 50 74568951 0
15 51 40964375 0
15 52 0 2
15 53 2755811 0
15 54 0 2
15 55 0 2
15 56 0 2
15 57 0 2
15 58 94790141 0
15 59 74122592 0
15 60 0 2
15 61 82058815 1
15 62 0 2
15 63 41461487 0
15 64 0 2
15 65 0 2
15 66 49351098 1
15 67 0 2
15 68 0 2
15 69 93628187 1
15 70 0 2
15 71 0 2
15 72 31858341 0
15 73 98524548 1
15 74 60285183 2
15 75 45024201 2
15 76 45448403 0
15 77 93489428 0
15 78 50254492 0
15 79 82778737 0
15 80 0 2
15 81 48711460 0
15 82 52611276 1
15 83 17407225 0
15 84 58828451 2
15 85 70888493 0
15 86 18736265 0
15 87 0 2
15 88 0 2
15 89 0 2
15 90 15931882 0
15 91 75764450 2
15 92 0 2
15 93 0 2
15 94 0 2
15 95 66987712 2
15 96 0 2
15 97 56919296 0
15 98 0 2
15 99 33530217 0
16 17 86899521 1
16 18 0 2
16 19 0 2
16 20 7466347 0
16 21 16251430 0
16 22 0 2
16 23 0 2
16 24 50763409 1
16 25 59419321 0
16 26 0 2
16 27 92034573 0
16 28 0 2
16 29 0 2
16 30 49321964 0
16 31 56882010 0
16 32 7218436 0
16 33 0 2
16 34 0 2
16 35 28944042 0
16 36 23373121 1
16 37 0 2
16 38 0 2
16 39 14828473 1
16 40 0 2
16 41 0 2
16 42 38798974 2
16 43 21730127 0
16 44 93723017 1
16 45 0 2
16 46 18715020 0
16 47 29984280 0
16 48 0 2
16 49 68991560 0
16 50 68425166 0
16 51 87657836 0
16 52 12187756 0
16 53 0 2
16 54 9888159 2
16 55 20675171 0
16 56 79739999 0
16 57 0 2
16 58 0 2
16 59 12703962 0
16 60 41423633 0
16 61 0 2
16 62 0 2
16 63 60382403 1
16 64 0 2
16 65 18690553 1
16 66 0 2
16 67 81497347 0
16 68 39486924 0
16 69 89807402 0
16 70 2284160 2
16 71 44763825 1
16 72 0 2
16 73 0 2
16 74 67049491 1
16 75 0 2
16 76 0 2
16 77 36162905 1
16 78 49542019 0
16 79 0 2
16 80 99003263 0
16 81 41978489 0
16 82 55068490 0
16 83 39127429 0
16 84 0 2
16 85 0 2
16 86 0 2
16 87 91645423 0
16 88 0 2
16 89 0 2
16 90 13978558 0
16 91 11535292 0
16 92 0 2
16 93 92805593 0
16 94 0 2
16 95 9394602 0
16 96 0 2
16 97 19434440 2
16 98 0 2
16 99 24117825 0
17 18 0 2
17 19 0 2
17 20 0 2
17 21 5386883 0
17 22 46283983 0
17 23 0 2
17 24 42922782 0
17 25 0 2
17 26 52773469 1
17 27 39243388 1
17 28 0 2
17 29 0 2
17 30 17013962 1
17 31 5650768 0
17 32 34815732 0
17 33 69091817 0
17 34 62014815 0
17 35 0 2
17 36 0 2
17 37 53853445 1
17 38 0 2
17 39 26386630 0
17 40 0 2
17 41 74464915 0
17 42 0 2
17 43 20148550 0
17 44 29828089 2
17 45 63245991 0
17 46 0 2
17 47 0 2
17 48 90866322 0
17 49 0 2
17 50 52048756 1
17 51 0 2
17 52 78915296 0
17 53 91615291 0
17 54 58795926 0
17 55 58163309 2
17 56 0 2
17 57 19010608 1
17 58 0 2
17 59 79525850 1
17 60 0 2
17 61 53897311 2
17 62 1241305 0
17 63 79563104 0
17 64 34325788 0
17 65 0 2
17 66 39825208 2
17 67 0 2
17 68 57712850 0
17 69 0 2
17 70 82914907 0
17 71 0 2
17 72 23175665 0
17 73 0 2
17 74 0 2
17 75 19618518 1
17 76 28996547 0
17 77 48167217 0
17 78 0 2
17 79 0 2
17 80 69380910 2
17 81 27681927 0
17 82 0 2
17 83 0 2
17 84 0 2
17 85 39919011 2
17 86 0 2
17 87 41923197 0
17 88 0 2
17 89 0 2
17 90 85076735 0
17 91 99589109 0
17 92 0 2
17 93 83136023 0
17 94 1715076 0
17 95 11324289 0
17 96 66312034 0
17 97 0 2
17 98 0 2
17 99 1743348 1
18 19 98587698 0
18 20 0 2
18 21 94259098 0
18 22 89211406 0
18 23 0 2
18 24 71581287 0
18 25 92302948 0
18 26 0 2
18 27 0 2
18 28 0 2
18 29 59872265 1
18 30 0 2
18 31 66616017 0
18 32 41623526 0
18 33 0 2
18 34 79265933 1
18 35 0 2
18 36 16304500 0
18 37 0 2
18 38 0 2
18 39 0 2
18 40 1923728 1
18 41 76898198 0
18 42 53335780 0
18 43 38430764 0
18 44 16961729 1
18 45 89540141 2
18 46 21187193 0
18 47 0 2
18 48 22114895 2
18 49 21174860 2
18 50 0 2
18 51 41348885 2
18 52 0 2
18 53 0 2
18 54 0 2
18 55 58537181 0
18 56 94467016 0
18 57 0 2
18 58 0 2
18 59 35243235 0
18 60 0 2
18 61 0 2
18 62 2106046 0
18 63 3778488 0
18 64 59692430 0
18 65 17409891 0
18 66 76158040 0
18 67 72280865 0
18 68 28897530 0
18 69 50748792 1
18 70 92682529 0
18 71 83491972 0
18 72 63204283 1
18 73 88114514 0
18 74 0 2
18 75 0 2
18 76 0 2
18 77 12460218 0
18 78 0 2
18 79 0 2
18 80 1120962 0
18 81 9713723 0
18 82 0 2
18 83 0 2
18 84 0 2
18 85 83937426 1
18 86 0 2
18 87 49279395 1
18 88 78996854 1
18 89 0 2
18 90 71461637 0
18 91 66034155 1
18 92 43158746 0
18 93 0 2
18 94 28455826 0
18 95 0 2
18 96 54807132 0
18 97 78246741 1
18 98 85819856 1
18 99 84215021 0
19 20 15565627 1
19 21 0 2
19 22 0 2
19 23 69070136 0
19 24 79402127 2
19 25 69308657 1
19 26 0 2
19 27 12668631 2
19 28 1798491 0
19 29 0 2
19 30 22850197 0
19 31 24520249 1
19 32 0 2
19 33 45458501 1
19 34 26751060 1
19 35 0 2
19 36 49937361 1
19 37 73512692 0
19 38 94776548 2
19 39 77926694 1
19 40 74545045 0
19 41 80788761 1
19 42 0 2
19 43 0 2
19 44 41910037 2
19 45 34179903 1
19 46 36212068 0
19 47 70804993 0
19 48 0 2
19 49 59319503 0
19 50 67383553 0
19 51 89408559 0
19 52 10375164 0
19 53 0 2
19 54 9593511 1
19 55 93982642 1
19 56 17894551 1
19 57 0 2
19 58 94289878 0
19 59 0 2
19 60 0 2
19 61 1591939 0
19 62 0 2
19 63 23325076 0
19 64 23507695 0
19 65 54148240 0
19 66 49417765 0
19 67 8902435 0
19 68 74769398 1
19 69 0 2
19 70 90238434 1
19 71 0 2
19 72 85025198 0
19 73 71247877 0
19 74 0 2
19 75 0 2
19 76 90655789 0
19 77 70323123 0
19 78 0 2
19 79 13437874 0
19 80 62034524 0
19 81 4877759 0
19 82 43046615 0
19 83 4774238 0
19 84 96384696 0
19 85 0 2
19 86 88063221 0
19 87 79423750 0
19 88 0 2
19 89 0 2
19 90 99107142 0
19 91 0 2
19 92 0 2
19 93 33625910 0
19 94 0 2
19 95 34477412 0
19 96 274228 1
19 97 0 2
19 98 22423938 0
19 99 0 2
20 21 0 2
20 22 0 2
20 23 96762478 2
20 24 24070746 1
20 25 30031404 0
20 26 67370285 0
20 27 0 2
20 28 52402112 1
20 29 0 2
20 30 35625125 1
20 31 0 2
20 32 57382183 1
20 33 49436057 0
20 34 0 2
20 35 299875 0
20 36 48080830 0
20 37 0 2
20 38 34073793 0
20 39 71686875 2
20 40 0 2
20 41 0 2
20 42 80928430 2
20 43 11550549 0
20 44 56198771 0
20 45 49732470 0
20 46 85732721 0
20 47 61109347 0
20 48 1892861 0
20 49 84962971 1
20 50 54767574 0
20 51 40576391 2
20 52 0 2
20 53 57153782 0
20 54 54049348 0
20 55 34913127 0
20 56 0 2
20 57 64438443 1
20 58 48379010 0
20 59 18355921 0
20 60 26374104 0
20 61 13053726 1
20 62 57442850 0
20 63 97254511 0
20 64 0 2
20 65 0 2
20 66 0 2
20 67 67964774 0
20 68 51475092 1
20 69 0 2
20 70 0 2
20 71 60070219 0
20 72 99877067 0
20 73 74023098 0
20 74 35738762 1
20 75 90831752 0
20 76 0 2
20 77 0 2
20 78 0 2
20 79 98494611 0
20 80 423884 2
20 81 93533107 0
20 82 0 2
20 83 0 2
20 84 0 2
20 85 17972718 0
20 86 0 2
20 87 29231740 0
20 88 44329184 0
20 89 9720161 0
20 90 68213635 0
20 91 98774007 0
20 92 67266007 0
20 93 0 2
20 94 40748023 1
20 95 37703413 0
20 96 0 2
20 97 0 2
20 98 26444201 1
20 99 0 2
21 22 26742811 0
21 23 0 2
21 24 15470933 0
21 25 0 2
21 26 18339366 0
21 27 35923224 0
21 28 0 2
21 29 63579207 0
21 30 30250136 0
21 31 0 2
21 32 32853890 0
21 33 67043352 2
21 34 9968792 0
21 35 91965123 0
21 36 43723081 0
21 37 0 2
21 38 0 2
21 39 56338158 0
21 40 77540802 0
21 41 18197097 0
21 42 0 2
21 43 45730933 0
21 44 0 2
21 45 21682612 1
21 46 84369812 0
21 47 0 2
21 48 0 2
21 49 88868595 1
21 50 0 2
21 51 14311686 1
21 52 0 2
21 53 0 2
21 54 0 2
21 55 58302100 0
21 56 0 2
21 57 0 2
21 58 9089441 0
21 59 0 2
21 60 0 2
21 61 0 2
21 62 9166029 0
21 63 5709513 0
21 64 74744509 0
21 65 20651909 2
21 66 0 2
21 67 5865378 0
21 68 0 2
21 69 0 2
21 70 34416763 0
21 71 0 2
21 72 81104140 1
21 73 0 2
21 74 41462047 0
21 75 0 2
21 76 0 2
21 77 98352305 0
21 78 77510091 0
21 79 0 2
21 80 0 2
21 81 89641085 0
21 82 9324755 0
21 83 48671358 2
21 84 6803676 0
21 85 0 2
21 86 97891959 0
21 87 0 2
21 88 45081778 0
21 89 24159325 2
21 90 0 2
21 91 0 2
21 92 0 2
21 93 16654068 1
21 94 0 2
21 95 0 2
21 96 45412416 2
21 97 2992431 2
21 98 0 2
21 99 44935390 0
22 23 0 2
22 24 0 2
22 25 0 2
22 26 48345223 0
22 27 0 2
22 28 97141231 0
22 29 4442149 0
22 30 20006245 0
22 31 0 2
22 32 31546521 1
22 33 39090406 0
22 34 0 2
22 35 0 2
22 36 0 2
22 37 0 2
22 38 14799841 0
22 39 73808091 0
22 40 0 2
22 41 87207041 0
22 42 0 2
22 43 0 2
22 44 0 2
22 45 0 2
22 46 22060564 0
22 47 49131080 0
22 48 74312361 0
22 49 69000094 0
22 50 7961987 1
22 51 34117800 0
22 52 27118990 1
22 53 99722533 0
22 54 40986416 2
22 55 0 2
22 56 0 2
22 57 0 2
22 58 0 2
22 59 56020899 0
22 60 0 2
22 61 0 2
22 62 0 2
22 63 0 2
22 64 22591576 0
22 65 39245611 1
22 66 0 2
22 67 33431767 2
22 68 59638738 2
22 69 0 2
22 70 72837787 0
22 71 84760625 0
22 72 39089359 0
22 73 0 2
22 74 93184637 1
22 75 0 2
22 76 89174301 1
22 77 81234041 0
22 78 31926913 1
22 79 14952530 1
22 80 0 2
22 81 0 2
22 82 66823975 1
22 83 32918243 1
22 84 23363866 0
22 85 0 2
22 86 0 2
22 87 78442688 0
22 88 81207995 0
22 89 86830294 2
22 90 30626237 0
22 91 0 2
22 92 0 2
22 93 13553441 0
22 94 95470546 0
22 95 0 2
22 96 8719352 0
22 97 57729555 0
22 98 16927922 0
22 99 0 2
23 24 3235453 0
23 25 0 2
23 26 99676584 0
23 27 0 2
23 28 0 2
23 29 10441040 0
23 30 51111936 0
23 31 61611990 0
23 32 46841573 1
23 33 0 2
23 34 53983063 0
23 35 10566455 0
23 36 64585456 0
23 37 37495455 0
23 38 0 2
23 39 15950460 1
23 40 26542961 0
23 41 83801569 0
23 42 38006993 0
23 43 91234659 0
23 44 42816920 0
23 45 70615850 0
23 46 98144264 0
23 47 71542782 0
23 48 0 2
23 49 0 2
23 50 41478744 0
23 51 95205714 0
23 52 0 2
23 53 13739788 0
23 54 62579990 0
23 55 78849775 1
23 56 73795959 0
23 57 26005256 1
23 58 98984320 1
23 59 0 2
23 60 75055632 0
23 61 66264695 0
23 62 54175728 0
23 63 58080339 0
23 64 0 2
23 65 0 2
23 66 0 2
23 67 4449418 0
23 68 93802759 0
23 69 31461545 0
23 70 32712887 0
23 71 42105104 1
23 72 9169293 1
23 73 0 2
23 74 63893174 0
23 75 0 2
23 76 85716627 0
23 77 46628252 0
23 78 26454281 0
23 79 22198772 0
23 80 0 2
23 81 67936125 0
23 82 0 2
23 83 693181 1
23 84 0 2
23 85 28905569 0
23 86 0 2
23 87 68075084 0
23 88 0 2
23 89 46786833 1
23 90 76995103 1
23 91 90969686 0
23 92 0 2
23 93 0 2
23 94 0 2
23 95 7044186 0
23 96 73600276 0
23 97 0 2
23 98 0 2
23 99 77302881 0
24 25 80196577 0
24 26 96259079 0
24 27 63443494 2
24 28 98823577 0
24 29 42300164 0
24 30 86211129 0
24 31 0 2
24 32 1216606 0
24 33 2928160 0
24 34 92759453 0
24 35 0 2
24 36 731497 2
24 37 0 2
24 38 0 2
24 39 79299368 0
24 40 96186083 0
24 41 0 2
24 42 61404446 0
24 43 0 2
24 44 0 2
24 45 48390470 1
24 46 6806198 0
24 47 587326 0
24 48 0 2
24 49 0 2
24 50 0 2
24 51 75304282 2
24 52 0 2
24 53 35243861 0
24 54 79780731 2
24 55 29321785 0
24 56 43156971 0
24 57 0 2
24 58 30870006 0
24 59 67176127 1
24 60 0 2
24 61 23029041 0
24 62 89874453 0
24 63 52982165 1
24 64 96744818 0
24 65 65417106 0
24 66 0 2
24 67 0 2
24 68 0 2
24 69 0 2
24 70 86011234 0
24 71 0 2
24 72 45318182 1
24 73 0 2
24 74 52109856 0
24 75 0 2
24 76 31743953 1
24 77 86278906 1
24 78 39571705 0
24 79 0 2
24 80 66245071 1
24 81 0 2
24 82 16147956 0
24 83 0 2
24 84 22465332 0
24 85 0 2
24 86 80635523 0
24 87 0 2
24 88 11168977 0
24 89 0 2
24 90 0 2
24 91 55918750 0
24 92 16179261 1
24 93 0 2
24 94 49496445 0
24 95 47365640 0
24 96 0 2
24 97 0 2
24 98 92920550 0
24 99 11741341 0
25 26 63911773 0
25 27 16631296 0
25 28 2382862 0
25 29 96474220 0
25 30 0 2
25 31 34676562 0
25 32 78837095 0
25 33 12419958 1
25 34 42289995 0
25 35 96430536 0
25 36 73514036 0
25 37 78176417 0
25 38 63271706 0
25 39 0 2
25 40 87738823 0
25 41 210992 0
25 42 0 2
25 43 92295401 1
25 44 0 2
25 45 0 2
25 46 16639851 0
25 47 0 2
25 48 0 2
25 49 38079140 1
25 50 0 2
25 51 0 2
25 52 0 2
25 53 33844170 0
25 54 40502325 2
25 55 4753095 0
25 56 0 2
25 57 4302485 0
25 58 43484511 0
25 59 0 2
25 60 0 2
25 61 17327008 0
25 62 83212988 0
25 63 0 2
25 64 69809168 0
25 65 54870982 0
25 66 48062111 0
25 67 0 2
25 68 94078282 0
25 69 41766211 0
25 70 0 2
25 71 13577960 0
25 72 81549410 1
25 73 95249993 0
25 74 0 2
25 75 0 2
25 76 70556842 0
25 77 0 2
25 78 13620943 0
25 79 80298013 1
25 80 28858168 0
25 81 0 2
25 82 41347485 0
25 83 23767765 0
25 84 60971580 0
25 85 39122331 1
25 86 0 2
25 87 6556283 0
25 88 0 2
25 89 13194472 0
25 90 0 2
25 91 52056951 0
25 92 0 2
25 93 10509185 0
25 94 0 2
25 95 0 2
25 96 58687672 0
25 97 0 2
25 98 94671374 0
25 99 0 2
26 27 86852058 0
26 28 0 2
26 29 11362311 0
26 30 0 2
26 31 24203736 0
26 32 94213075 1
26 33 26313603 1
26 34 12550229 0
26 35 98374918 1
26 36 64675411 0
26 37 84594283 0
26 38 71639718 0
26 39 0 2
26 40 0 2
26 41 0 2
26 42 0 2
26 43 0 2
26 44 0 2
26 45 0 2
26 46 0 2
26 47 30593818 0
26 48 0 2
26 49 84477186 0
26 50 27923781 0
26 51 46808868 1
26 52 80758782 0
26 53 0 2
26 54 0 2
26 55 0 2
26 56 52747884 0
26 57 0 2
26 58 62211905 0
26 59 46945716 0
26 60 0 2
26 61 0 2
26 62 67491822 0
26 63 0 2
26 64 0 2
26 65 0 2
26 66 0 2
26 67 9063764 1
26 68 95562414 0
26 69 0 2
26 70 40321259 1
26 71 60490005 0
26 72 55490221 0
26 73 0 2
26 74 40349 0
26 75 0 2
26 76 25108787 0
26 77 76783001 2
26 78 26294522 2
26 79 22370423 1
26 80 3098275 0
26 81 0 2
26 82 77591006 2
26 83 82632334 0
26 84 37699593 1
26 85 0 2
26 86 59699881 1
26 87 50568933 1
26 88 0 2
26 89 0 2
26 90 9843525 0
26 91 0 2
26 92 58088201 2
26 93 18492501 0
26 94 7501137 1
26 95 0 2
26 96 0 2
26 97 0 2
26 98 5077929 0
26 99 36192851 0
27 28 0 2
27 29 0 2
27 30 50071289 1
27 31 78571308 1
27 32 44807736 0
27 33 53133084 0
27 34 0 2
27 35 0 2
27 36 68029111 0
27 37 0 2
27 38 79406361 0
27 39 56727465 0
27 40 90365918 1
27 41 0 2
27 42 13409457 0
27 43 74722548 1
27 44 0 2
27 45 36786604 0
27 46 0 2
27 47 0 2
27 48 913114 0
27 49 0 2
27 50 38351989 0
27 51 11625780 0
27 52 84074169 2
27 53 0 2
27 54 0 2
27 55 36580519 0
27 56 0 2
27 57 85980437 0
27 58 0 2
27 59 0 2
27 60 41424208 0
27 61 34489912 0
27 62 49095078 0
27 63 44810357 0
27 64 16507007 0
27 65 0 2
27 66 0 2
27 67 71328479 1
27 68 20587401 0
27 69 15518374 2
27 70 65804900 0
27 71 0 2
27 72 0 2
27 73 41945838 0
27 74 8317492 1
27 75 82288647 2
27 76 68185552 0
27 77 2660413 2
27 78 35305415 1
27 79 40312474 0
27 80 281134 1
27 81 0 2
27 82 60482024 0
27 83 0 2
27 84 23454898 0
27 85 68472595 0
27 86 92176862 0
27 87 0 2
27 88 8301409 1
27 89 3287043 2
27 90 45537453 1
27 91 0 2
27 92 15839208 0
27 93 76384534 0
27 94 3698734 0
27 95 0 2
27 96 2963000 0
27 97 92576062 0
27 98 0 2
27 99 98959665 1
28 29 11134150 1
28 30 0 2
28 31 28792133 0
28 32 7926539 0
28 33 31953346 0
28 34 22352450 0
28 35 92545714 0
28 36 0 2
28 37 0 2
28 38 0 2
28 39 38187645 0
28 40 0 2
28 41 0 2
28 42 78621521 0
28 43 39441526 1
28 44 44025228 0
28 45 94988505 0
28 46 44059490 0
28 47 60122129 0
28 48 30950279 1
28 49 20944888 0
28 50 19976430 0
28 51 14516490 0
28 52 0 2
28 53 21505160 0
28 54 0 2
28 55 85199461 0
28 56 99381568 0
28 57 56252034 0
28 58 15436693 1
28 59 0 2
28 60 54771187 0
28 61 70009028 0
28 62 48851054 0
28 63 0 2
28 64 41219820 0
28 65 42789272 2
28 66 15092828 0
28 67 72852159 1
28 68 66442449 0
28 69 0 2
28 70 98777762 0
28 71 67183510 2
28 72 26251362 0
28 73 12341613 0
28 74 23118779 0
28 75 86461510 1
28 76 0 2
28 77 47958582 0
28 78 0 2
28 79 0 2
28 80 0 2
28 81 0 2
28 82 0 2
28 83 5855019 1
28 84 41253006 0
28 85 0 2
28 86 50676439 0
28 87 0 2
28 88 0 2
28 89 2534329 0
28 90 88518162 0
28 91 93429118 0
28 92 4832409 0
28 93 0 2
28 94 0 2
28 95 34744788 0
28 96 56775225 0
28 97 0 2
28 98 49174535 1
28 99 0 2
29 30 36024816 0
29 31 24706697 1
29 32 71322508 0
29 33 28599599 0
29 34 83264181 0
29 35 97437649 0
29 36 0 2
29 37 76234151 0
29 38 64281802 0
29 39 0 2
29 40 0 2
29 41 0 2
29 42 0 2
29 43 65087385 0
29 44 0 2
29 45 0 2
29 46 0 2
29 47 7440595 1
29 48 0 2
29 49 50174590 0
29 50 0 2
29 51 947313 0
29 52 31052440 1
29 53 0 2
29 54 36097836 0
29 55 3580607 0
29 56 89751278 0
29 57 76017281 0
29 58 14074686 0
29 59 87989319 2
29 60 80283570 0
29 61 60558194 0
29 62 3018254 0
29 63 47085014 0
29 64 0 2
29 65 93896370 0
29 66 1776345 0
29 67 36479716 1
29 68 72817579 0
29 69 25468637 0
29 70 1667969 0
29 71 0 2
29 72 51214889 0
29 73 39915689 0
29 74 0 2
29 75 0 2
29 76 52828840 1
29 77 0 2
29 78 68670435 0
29 79 6047178 0
29 80 0 2
29 81 0 2
29 82 97897891 2
29 83 27664491 1
29 84 0 2
29 85 0 2
29 86 0 2
29 87 0 2
29 88 496355 2
29 89 29174837 0
29 90 42924679 0
29 91 0 2
29 92 8581003 0
29 93 89659296 2
29 94 22526536 1
29 95 0 2
29 96 9237593 0
29 97 90626059 1
29 98 0 2
29 99 0 2
30 31 0 2
30 32 0 2
30 33 11685413 0
30 34 94401921 0
30 35 30593018 1
30 36 58121292 0
30 37 0 2
30 38 64467005 0
30 39 85241405 0
30 40 0 2
30 41 0 2
30 42 19770195 0
30 43 0 2
30 44 63034847 0
30 45 0 2
30 46 99707656 0
30 47 16335769 0
30 48 60552620 0
30 49 96705379 0
30 50 48798251 2
30 51 0 2
30 52 19417396 0
30 53 0 2
30 54 94655788 0
30 55 68654675 0
30 56 0 2
30 57 97007796 0
30 58 47481585 2
30 59 0 2
30 60 50459851 2
30 61 0 2
30 62 0 2
30 63 79609019 2
30 64 0 2
30 65 0 2
30 66 9537312 0
30 67 0 2
30 68 3217680 0
30 69 0 2
30 70 0 2
30 71 0 2
30 72 63372955 0
30 73 31315839 0
30 74 0 2
30 75 0 2
30 76 0 2
30 77 64665211 0
30 78 0 2
30 79 50309114 0
30 80 0 2
30 81 23651852 0
30 82 57571351 0
30 83 75957435 2
30 84 23170513 0
30 85 59254205 0
30 86 90850127 0
30 87 5114451 2
30 88 95991280 0
30 89 78218618 0
30 90 88412064 0
30 91 87557871 0
30 92 62918911 0
30 93 0 2
30 94 0 2
30 95 51253626 0
30 96 5020350 0
30 97 0 2
30 98 0 2
30 99 0 2
31 32 19021748 0
31 33 29358116 0
31 34 0 2
31 35 0 2
31 36 0 2
31 37 0 2
31 38 0 2
31 39 0 2
31 40 28967801 0
31 41 35480805 0
31 42 0 2
31 43 32960015 0
31 44 99028095 1
31 45 0 2
31 46 14152323 0
31 47 97596607 0
31 48 64441576 0
31 49 74241270 0
31 50 82195218 0
31 51 0 2
31 52 68460401 0
31 53 94855507 0
31 54 0 2
31 55 36678240 0
31 56 23071112 0
31 57 37604178 0
31 58 0 2
31 59 85001008 0
31 60 8234853 0
31 61 0 2
31 62 5669185 0
31 63 90299048 0
31 64 0 2
31 65 76574965 0
31 66 53522338 2
31 67 1853580 0
31 68 36619194 0
31 69 50234825 0
31 70 31844455 0
31 71 0 2
31 72 53131159 1
31 73 8270285 0
31 74 0 2
31 75 97167467 0
31 76 0 2
31 77 15313747 0
31 78 0 2
31 79 94139536 2
31 80 43350716 1
31 81 45074949 0
31 82 0 2
31 83 52811411 0
31 84 57312419 0
31 85 83502545 0
31 86 59475960 0
31 87 87059382 0
31 88 63590445 0
31 89 90944435 0
31 90 0 2
31 91 0 2
31 92 18026001 0
31 93 0 2
31 94 0 2
31 95 22184565 0
31 96 41599216 0
31 97 0 2
31 98 6263116 0
31 99 92879629 1
32 33 97226 0
32 34 0 2
32 35 0 2
32 36 18367089 0
32 37 53580416 1
32 38 48528032 0
32 39 48466261 0
32 40 0 2
32 41 0 2
32 42 92373036 2
32 43 42453695 0
32 44 51934425 1
32 45 41504116 0
32 46 84161120 0
32 47 37103869 0
32 48 98824912 0
32 49 1718859 1
32 50 0 2
32 51 7244438 0
32 52 0 2
32 53 73187335 0
32 54 0 2
32 55 58092652 0
32 56 42487749 0
32 57 0 2
32 58 0 2
32 59 35069509 0
32 60 0 2
32 61 0 2
32 62 79934246 0
32 63 12204260 0
32 64 0 2
32 65 85161799 0
32 66 58156546 0
32 67 51318275 0
32 68 89816684 1
32 69 72980058 0
32 70 8722708 0
32 71 0 2
32 72 0 2
32 73 0 2
32 74 0 2
32 75 26544707 0
32 76 46464715 0
32 77 41460102 0
32 78 19335070 0
32 79 0 2
32 80 36280151 0
32 81 0 2
32 82 48507828 1
32 83 36095507 0
32 84 0 2
32 85 0 2
32 86 34502235 1
32 87 0 2
32 88 0 2
32 89 46604718 0
32 90 92904513 0
32 91 75785485 0
32 92 0 2
32 93 49724420 0
32 94 0 2
32 95 49677169 0
32 96 0 2
32 97 0 2
32 98 0 2
32 99 1925948 0
33 34 43509347 0
33 35 69961894 0
33 36 58214172 0
33 37 78982012 0
33 38 0 2
33 39 0 2
33 40 0 2
33 41 86861275 1
33 42 41044359 0
33 43 21508248 0
33 44 18418674 0
33 45 5494882 0
33 46 96271501 0
33 47 42460430 1
33 48 81948461 0
33 49 2231219 0
33 50 61929649 1
33 51 97633153 0
33 52 0 2
33 53 68252386 1
33 54 13291681 0
33 55 89918623 0
33 56 7805292 0
33 57 0 2
33 58 76194597 0
33 59 53668217 0
33 60 98801567 0
33 61 0 2
33 62 33026861 0
33 63 537786 1
33 64 0 2
33 65 38844498 0
33 66 31466964 2
33 67 23293222 2
33 68 36500682 2
33 69 45339861 1
33 70 27405181 0
33 71 0 2
33 72 77655738 0
33 73 36178531 0
33 74 80012265 0
33 75 8715761 0
33 76 0 2
33 77 0 2
33 78 0 2
33 79 0 2
33 80 69119569 0
33 81 0 2
33 82 0 2
33 83 72113081 0
33 84 0 2
33 85 0 2
33 86 0 2
33 87 72934594 0
33 88 0 2
33 89 37083998 0
33 90 1572301 1
33 91 0 2
33 92 2339725 0
33 93 29774170 1
33 94 97198737 1
33 95 68303209 0
33 96 52922429 0
33 97 47864779 0
33 98 25051759 0
33 99 78504337 1
34 35 0 2
34 36 0 2
34 37 0 2
34 38 67395522 0
34 39 0 2
34 40 89947992 0
34 41 0 2
34 42 86476752 2
34 43 22999520 0
34 44 0 2
34 45 18402808 0
34 46 11928047 0
34 47 59250741 1
34 48 0 2
34 49 0 2
34 50 0 2
34 51 0 2
34 52 9372055 0
34 53 3104744 0
34 54 0 2
34 55 12444451 0
34 56 6115357 0
34 57 52711102 1
34 58 96468384 2
34 59 55450672 0
34 60 22582641 0
34 61 88720374 0
34 62 0 2
34 63 16140082 0
34 64 0 2
34 65 21671055 0
34 66 40936349 2
34 67 0 2
34 68 14191673 0
34 69 50661891 0
34 70 34494544 2
34 71 89744553 0
34 72 46369232 1
34 73 17414307 0
34 74 72008951 0
34 75 32565584 0
34 76 29519817 1
34 77 28068329 2
34 78 0 2
34 79 88314871 1
34 80 43930064 0
34 81 0 2
34 82 53495871 0
34 83 0 2
34 84 20606032 0
34 85 89906089 0
34 86 81233367 0
34 87 8052433 2
34 88 0 2
34 89 1202687 0
34 90 0 2
34 91 0 2
34 92 36915806 0
34 93 37027018 0
34 94 0 2
34 95 1849417 1
34 96 93533056 0
34 97 78406882 0
34 98 40646929 0
34 99 0 2
35 36 56275252 2
35 37 0 2
35 38 57194723 0
35 39 37006888 2
35 40 72513543 2
35 41 9356319 0
35 42 30264016 0
35 43 62018887 0
35 44 0 2
35 45 0 2
35 46 0 2
35 47 0 2
35 48 0 2
35 49 0 2
35 50 89940297 1
35 51 0 2
35 52 95100708 0
35 53 35685285 0
35 54 45080438 0
35 55 93701785 0
35 56 62297083 0
35 57 51397682 1
35 58 84097990 0
35 59 0 2
35 60 0 2
35 61 19304107 0
35 62 45956061 0
35 63 18468431 0
35 64 0 2
35 65 0 2
35 66 83962549 0
35 67 0 2
35 68 96946487 0
35 69 0 2
35 70 0 2
35 71 0 2
35 72 0 2
35 73 4944700 0
35 74 80946120 2
35 75 48686985 0
35 76 0 2
35 77 0 2
35 78 62083874 1
35 79 79690281 0
35 80 0 2
35 81 89905458 1
35 82 15878811 1
35 83 20776647 0
35 84 10840977 1
35 85 0 2
35 86 16130648 0
35 87 0 2
35 88 78779400 0
35 89 0 2
35 90 0 2
35 91 7144644 2
35 92 0 2
35 93 5219347 0
35 94 0 2
35 95 4397166 0
35 96 0 2
35 97 0 2
35 98 0 2
35 99 31637570 0
36 37 23483154 1
36 38 86429834 2
36 39 9068306 1
36 40 0 2
36 41 0 2
36 42 96770115 1
36 43 84187760 1
36 44 51249721 0
36 45 53912788 0
36 46 72365835 2
36 47 0 2
36 48 0 2
36 49 74197954 1
36 50 48865181 0
36 51 91390670 1
36 52 43643037 0
36 53 89497886 0
36 54 0 2
36 55 43350577 0
36 56 0 2
36 57 0 2
36 58 41627337 0
36 59 0 2
36 60 0 2
36 61 0 2
36 62 0 2
36 63 0 2
36 64 16429124 0
36 65 5840508 1
36 66 47896420 0
36 67 0 2
36 68 0 2
36 69 96211472 0
36 70 37671555 0
36 71 19834310 2
36 72 63436938 0
36 73 0 2
36 74 0 2
36 75 0 2
36 76 75787322 0
36 77 28217101 0
36 78 11788658 0
36 79 41284445 0
36 80 19787627 1
36 81 8613133 2
36 82 74372955 0
36 83 42044347 1
36 84 0 2
36 85 0 2
36 86 79316564 1
36 87 95520122 2
36 88 91534690 1
36 89 55119506 0
36 90 74437162 0
36 91 53055657 0
36 92 6809762 1
36 93 0 2
36 94 54676819 2
36 95 9993478 0
36 96 43467364 0
36 97 0 2
36 98 84985006 0
36 99 0 2
37 38 24221654 2
37 39 0 2
37 40 79186585 0
37 41 1383065 0
37 42 0 2
37 43 37201094 2
37 44 23949992 0
37 45 47192052 2
37 46 30461913 0
37 47 51743194 0
37 48 44576155 1
37 49 0 2
37 50 68837576 2
37 51 0 2
37 52 84867281 1
37 53 45381016 2
37 54 0 2
37 55 0 2
37 56 4300961 0
37 57 0 2
37 58 0 2
37 59 86123542 1
37 60 10998161 0
37 61 45013928 1
37 62 6696290 0
37 63 31278793 1
37 64 70135803 2
37 65 129452 1
37 66 0 2
37 67 21640296 0
37 68 77578471 0
37 69 0 2
37 70 11473036 0
37 71 0 2
37 72 59422490 1
37 73 68459042 2
37 74 37700296 0
37 75 81070413 1
37 76 58514684 0
37 77 9204263 0
37 78 70967681 1
37 79 79291996 2
37 80 46826072 0
37 81 0 2
37 82 77237359 1
37 83 662694 0
37 84 0 2
37 85 0 2
37 86 78330675 0
37 87 57136422 0
37 88 65267835 1
37 89 21541067 0
37 90 31153209 1
37 91 0 2
37 92 0 2
37 93 0 2
37 94 60845746 0
37 95 77479272 0
37 96 81723840 2
37 97 32405624 0
37 98 0 2
37 99 75545653 0
38 39 8330137 0
38 40 25518730 1
38 41 16396986 0
38 42 75706539 0
38 43 26948600 0
38 44 17585119 1
38 45 0 2
38 46 60052712 2
38 47 0 2
38 48 38972251 0
38 49 53095753 1
38 50 98496986 0
38 51 19848927 1
38 52 0 2
38 53 55925696 0
38 54 72836684 0
38 55 57158799 1
38 56 16499589 0
38 57 1874806 0
38 58 36054735 1
38 59 0 2
38 60 47600686 0
38 61 0 2
38 62 71840947 0
38 63 0 2
38 64 0 2
38 65 12230121 0
38 66 21933717 0
38 67 88382945 0
38 68 77261059 0
38 69 72426640 0
38 70 0 2
38 71 78320831 1
38 72 0 2
38 73 69234192 0
38 74 24079644 0
38 75 92260545 0
38 76 0 2
38 77 47228027 1
38 78 84012092 1
38 79 66584524 0
38 80 5583719 1
38 81 0 2
38 82 86195485 1
38 83 54061634 0
38 84 33436868 0
38 85 0 2
38 86 0 2
38 87 37305782 1
38 88 0 2
38 89 60157757 0
38 90 88492800 0
38 91 18773741 0
38 92 69123333 0
38 93 0 2
38 94 85060911 0
38 95 0 2
38 96 0 2
38 97 72703883 0
38 98 38417243 0
38 99 81176014 0
39 40 86618554 0
39 41 15554878 0
39 42 42660512 1
39 43 64070715 0
39 44 79548118 0
39 45 65104581 0
39 46 61894187 0
39 47 27603705 0
39 48 3900708 0
39 49 0 2
39 50 0 2
39 51 28066786 0
39 52 0 2
39 53 15829462 2
39 54 21796084 0
39 55 0 2
39 56 33585470 1
39 57 64108688 1
39 58 43043582 2
39 59 0 2
39 60 0 2
39 61 52002219 0
39 62 18695837 0
39 63 47840238 0
39 64 39685750 0
39 65 94874365 0
39 66 0 2
39 67 16692302 0
39 68 61972487 1
39 69 44601774 0
39 70 68640648 0
39 71 79243993 2
39 72 65719547 1
39 73 79737661 0
39 74 0 2
39 75 7462098 0
39 76 51966150 0
39 77 0 2
39 78 0 2
39 79 75605334 1
39 80 0 2
39 81 0 2
39 82 0 2
39 83 0 2
39 84 0 2
39 85 67055446 1
39 86 12869148 1
39 87 0 2
39 88 46705301 0
39 89 5158100 0
39 90 0 2
39 91 0 2
39 92 0 2
39 93 46986624 0
39 94 63374422 0
39 95 0 2
39 96 0 2
39 97 0 2
39 98 18319661 1
39 99 90333633 0
40 41 44758693 0
40 42 0 2
40 43 0 2
40 44 0 2
40 45 60657449 0
40 46 68991837 0
40 47 0 2
40 48 75495444 1
40 49 26661764 0
40 50 59770598 0
40 51 45303296 0
40 52 55526426 0
40 53 0 2
40 54 0 2
40 55 39614634 0
40 56 0 2
40 57 3087830 0
40 58 41628451 1
40 59 13480059 1
40 60 30664849 1
40 61 0 2
40 62 0 2
40 63 59377699 2
40 64 77481420 0
40 65 96087721 1
40 66 0 2
40 67 0 2
40 68 0 2
40 69 11128159 1
40 70 28505154 0
40 71 31310244 2
40 72 1537644 1
40 73 16119221 2
40 74 32719481 0
40 75 0 2
40 76 26645755 0
40 77 34112791 0
40 78 91449307 0
40 79 68811253 0
40 80 52700248 2
40 81 73435827 0
40 82 49573473 1
40 83 0 2
40 84 26962998 0
40 85 43593721 2
40 86 0 2
40 87 37300094 0
40 88 47877570 2
40 89 81388079 1
40 90 55820592 2
40 91 0 2
40 92 0 2
40 93 78462090 0
40 94 0 2
40 95 28367012 1
40 96 0 2
40 97 53290007 0
40 98 59627290 0
40 99 54954472 0
41 42 54972764 0
41 43 89808790 0
41 44 0 2
41 45 0 2
41 46 37492254 1
41 47 74913439 0
41 48 0 2
41 49 21841128 1
41 50 67594253 0
41 51 64730025 0
41 52 94255603 0
41 53 0 2
41 54 91466585 0
41 55 31308126 0
41 56 19191533 0
41 57 13200711 0
41 58 0 2
41 59 6209224 0
41 60 71497252 0
41 61 0 2
41 62 0 2
41 63 5228682 1
41 64 74464046 0
41 65 93036671 0
41 66 0 2
41 67 0 2
41 68 33724505 1
41 69 0 2
41 70 25012937 1
41 71 17626393 0
41 72 0 2
41 73 0 2
41 74 85607686 2
41 75 19289004 1
41 76 13449459 0
41 77 30022495 1
41 78 0 2
41 79 32809541 0
41 80 80303983 2
41 81 1182579 0
41 82 76973778 0
41 83 85883347 1
41 84 0 2
41 85 53832171 1
41 86 53336637 1
41 87 0 2
41 88 0 2
41 89 4808933 0
41 90 27442888 0
41 91 66118773 0
41 92 4903728 1
41 93 51271529 0
41 94 0 2
41 95 76078561 0
41 96 0 2
41 97 18580740 0
41 98 0 2
41 99 31262109 0
42 43 56139927 1
42 44 0 2
42 45 62786484 2
42 46 0 2
42 47 11142794 0
42 48 43567261 0
42 49 0 2
42 50 0 2
42 51 80745382 2
42 52 0 2
42 53 68687654 0
42 54 88210616 0
42 55 45362195 0
42 56 0 2
42 57 80413714 0
42 58 0 2
42 59 36555371 0
42 60 44045066 0
42 61 0 2
42 62 0 2
42 63 0 2
42 64 8011249 0
42 65 5741641 0
42 66 29533317 2
42 67 67634900 0
42 68 66519800 0
42 69 35185458 2
42 70 17970209 0
42 71 0 2
42 72 93438078 0
42 73 72660574 1
42 74 16774193 0
42 75 17468669 0
42 76 0 2
42 77 45358970 0
42 78 3403878 0
42 79 79362241 0
42 80 22911481 1
42 81 60778236 0
42 82 16048963 0
42 83 0 2
42 84 35448094 0
42 85 0 2
42 86 82180501 1
42 87 0 2
42 88 0 2
42 89 65436878 0
42 90 47658596 0
42 91 69851045 0
42 92 0 2
42 93 52451182 0
42 94 0 2
42 95 0 2
42 96 0 2
42 97 26705485 0
42 98 97490059 0
42 99 37144710 1
43 44 4115045 0
43 45 81365958 0
43 46 0 2
43 47 0 2
43 48 0 2
43 49 41417761 0
43 50 42223479 0
43 51 82603449 0
43 52 37707462 0
43 53 0 2
43 54 26420617 1
43 55 0 2
43 56 61536368 0
43 57 79431672 2
43 58 47367734 1
43 59 0 2
43 60 90369739 0
43 61 0 2
43 62 0 2
43 63 0 2
43 64 650355 0
43 65 2356603 2
43 66 18130228 0
43 67 0 2
43 68 12256483 2
43 69 19316272 2
43 70 38102145 2
43 71 38823600 0
43 72 4452150 2
43 73 51513098 0
43 74 0 2
43 75 0 2
43 76 14733229 0
43 77 0 2
43 78 0 2
43 79 0 2
43 80 0 2
43 81 0 2
43 82 6295726 0
43 83 0 2
43 84 0 2
43 85 29018937 0
43 86 0 2
43 87 62593051 0
43 88 98863833 0
43 89 0 2
43 90 25952904 0
43 91 0 2
43 92 0 2
43 93 0 2
43 94 76424358 0
43 95 82017280 0
43 96 0 2
43 97 0 2
43 98 31711076 2
43 99 48761284 0
44 45 93867929 2
44 46 76655290 1
44 47 4584466 0
44 48 99432328 1
44 49 67673083 0
44 50 2558337 0
44 51 18715134 0
44 52 13395498 0
44 53 23141599 1
44 54 52991843 0
44 55 22754260 1
44 56 62305499 0
44 57 0 2
44 58 78985840 1
44 59 30776180 2
44 60 0 2
44 61 0 2
44 62 0 2
44 63 84413315 0
44 64 0 2
44 65 46593279 0
44 66 0 2
44 67 0 2
44 68 11912623 0
44 69 10601003 0
44 70 6134544 0
44 71 86865532 0
44 72 0 2
44 73 0 2
44 74 52743971 0
44 75 72355477 0
44 76 0 2
44 77 67753080 0
44 78 78622917 0
44 79 53517248 0
44 80 0 2
44 81 26984678 0
44 82 28426355 1
44 83 52569002 0
44 84 0 2
44 85 25328016 0
44 86 83486364 0
44 87 26066610 2
44 88 13399517 0
44 89 0 2
44 90 24561702 0
44 91 25184949 0
44 92 8423735 1
44 93 49419529 0
44 94 0 2
44 95 0 2
44 96 0 2
44 97 1369656 1
44 98 40217355 0
44 99 99543572 0
45 46 52462211 0
45 47 0 2
45 48 0 2
45 49 67135177 1
45 50 8184965 1
45 51 64110694 0
45 52 0 2
45 53 61567847 0
45 54 77348540 0
45 55 0 2
45 56 0 2
45 57 97867417 0
45 58 86060503 0
45 59 0 2
45 60 23231248 0
45 61 7828183 0
45 62 31592672 0
45 63 7601415 1
45 64 24864082 0
45 65 0 2
45 66 96653334 0
45 67 0 2
45 68 0 2
45 69 0 2
45 70 93951757 1
45 71 61455100 0
45 72 0 2
45 73 0 2
45 74 68551313 0
45 75 0 2
45 76 0 2
45 77 7915994 0
45 78 77899156 0
45 79 0 2
45 80 91795808 2
45 81 0 2
45 82 0 2
45 83 89672251 0
45 84 0 2
45 85 95689998 0
45 86 44382452 0
45 87 81059755 0
45 88 28661816 1
45 89 79627185 0
45 90 0 2
45 91 0 2
45 92 2352808 1
45 93 0 2
45 94 44306102 0
45 95 32598705 0
45 96 70049163 0
45 97 50510219 0
45 98 0 2
45 99 0 2
46 47 63167483 0
46 48 71995768 1
46 49 86568691 0
46 50 81680507 1
46 51 0 2
46 52 50660688 2
46 53 32530715 1
46 54 78388863 0
46 55 0 2
46 56 68412636 0
46 57 0 2
46 58 72939952 0
46 59 50825531 0
46 60 44752469 0
46 61 33142172 0
46 62 0 2
46 63 0 2
46 64 0 2
46 65 0 2
46 66 93436556 0
46 67 0 2
46 68 4772626 0
46 69 0 2
46 70 50611844 0
46 71 14124147 0
46 72 74548138 0
46 73 0 2
46 74 88070338 0
46 75 72612221 0
46 76 30181982 0
46 77 19655279 0
46 78 95599498 1
46 79 69950064 0
46 80 50742368 0
46 81 43999036 0
46 82 0 2
46 83 0 2
46 84 0 2
46 85 81325704 0
46 86 0 2
46 87 75373025 1
46 88 0 2
46 89 16546016 0
46 90 22743488 0
46 91 0 2
46 92 0 2
46 93 0 2
46 94 54582996 0
46 95 19505399 0
46 96 74459164 1
46 97 0 2
46 98 0 2
46 99 23961219 1
47 48 95707836 1
47 49 0 2
47 50 42153856 1
47 51 0 2
47 52 77537692 2
47 53 55984323 1
47 54 14201374 0
47 55 66835056 0
47 56 0 2
47 57 0 2
47 58 42774553 1
47 59 55018573 0
47 60 61481981 1
47 61 49872639 0
47 62 39258373 0
47 63 37215770 0
47 64 29941668 0
47 65 0 2
47 66 0 2
47 67 54963443 0
47 68 0 2
47 69 0 2
47 70 33352122 0
47 71 0 2
47 72 50294368 1
47 73 51985764 0
47 74 16645689 0
47 75 80819629 0
47 76 2400755 0
47 77 0 2
47 78 91922299 0
47 79 0 2
47 80 15880801 2
47 81 47306632 0
47 82 0 2
47 83 18772616 2
47 84 0 2
47 85 0 2
47 86 92267496 0
47 87 0 2
47 88 0 2
47 89 51847554 0
47 90 32559466 0
47 91 96318502 0
47 92 0 2
47 93 74936967 1
47 94 0 2
47 95 67818437 2
47 96 0 2
47 97 25990794 0
47 98 0 2
47 99 24749681 0
48 49 0 2
48 50 0 2
48 51 38173720 0
48 52 0 2
48 53 55709585 0
48 54 4799992 0
48 55 0 2
48 56 20403273 0
48 57 34412608 0
48 58 0 2
48 59 61153139 2
48 60 71045974 1
48 61 8478890 0
48 62 0 2
48 63 74138048 0
48 64 72984787 0
48 65 0 2
48 66 16467041 0
48 67 74704790 0
48 68 51758138 0
48 69 0 2
48 70 62215747 2
48 71 62370819 0
48 72 17461152 2
48 73 0 2
48 74 67224088 1
48 75 0 2
48 76 55839050 0
48 77 0 2
48 78 0 2
48 79 0 2
48 80 73113404 2
48 81 79656129 0
48 82 0 2
48 83 83202401 2
48 84 0 2
48 85 66983254 2
48 86 30905957 0
48 87 0 2
48 88 48681404 2
48 89 0 2
48 90 0 2
48 91 0 2
48 92 0 2
48 93 7362190 0
48 94 0 2
48 95 32319018 2
48 96 28685329 0
48 97 0 2
48 98 40899769 2
48 99 47282982 0
49 50 2656377 0
49 51 68921792 0
49 52 26056053 0
49 53 0 2
49 54 47300832 0
49 55 6783953 0
49 56 9026858 0
49 57 90845803 1
49 58 79478719 2
49 59 0 2
49 60 70258142 0
49 61 18951849 0
49 62 0 2
49 63 0 2
49 64 9120493 2
49 65 67425941 1
49 66 68240937 1
49 67 0 2
49 68 0 2
49 69 30114134 0
49 70 0 2
49 71 39437340 2
49 72 0 2
49 73 0 2
49 74 59477460 0
49 75 40528657 0
49 76 0 2
49 77 62874469 0
49 78 75356881 1
49 79 0 2
49 80 66012183 1
49 81 56803786 0
49 82 51647396 1
49 83 0 2
49 84 56580255 1
49 85 95314012 0
49 86 0 2
49 87 47560515 1
49 88 0 2
49 89 0 2
49 90 0 2
49 91 0 2
49 92 21690827 0
49 93 45441452 1
49 94 9996978 0
49 95 0 2
49 96 31990740 1
49 97 96086256 0
49 98 0 2
49 99 0 2
50 51 34881845 0
50 52 0 2
50 53 70578865 2
50 54 2716608 1
50 55 2723455 0
50 56 30967782 0
50 57 53067101 0
50 58 0 2
50 59 22355547 0
50 60 92551300 0
50 61 84894268 0
50 62 16662985 0
50 63 0 2
50 64 1647293 0
50 65 45553125 1
50 66 0 2
50 67 0 2
50 68 6724100 0
50 69 0 2
50 70 12447251 2
50 71 86552896 1
50 72 0 2
50 73 14672727 0
50 74 60729009 2
50 75 62937055 0
50 76 65702890 0
50 77 0 2
50 78 83990551 0
50 79 0 2
50 80 91124823 0
50 81 93938267 0
50 82 80403048 1
50 83 41428443 0
50 84 85030433 0
50 85 0 2
50 86 0 2
50 87 36531907 1
50 88 0 2
50 89 0 2
50 90 0 2
50 91 0 2
50 92 27716570 0
50 93 73479150 0
50 94 43151790 0
50 95 0 2
50 96 0 2
50 97 82271508 1
50 98 17366006 0
50 99 47255578 1
51 52 66100471 0
51 53 53191372 0
51 54 0 2
51 55 5316689 1
51 56 98248082 0
51 57 0 2
51 58 27021224 0
51 59 38505632 0
51 60 5333384 1
51 61 53002579 0
51 62 93831969 0
51 63 0 2
51 64 58407729 0
51 65 56876398 2
51 66 0 2
51 67 35303126 1
51 68 0 2
51 69 0 2
51 70 0 2
51 71 0 2
51 72 8003750 1
51 73 52070357 0
51 74 84817018 1
51 75 22990285 1
51 76 0 2
51 77 0 2
51 78 0 2
51 79 0 2
51 80 0 2
51 81 73562637 0
51 82 0 2
51 83 18870530 1
51 84 70957692 0
51 85 0 2
51 86 0 2
51 87 58750774 0
51 88 58022414 0
51 89 0 2
51 90 78527333 0
51 91 43150869 2
51 92 91611400 0
51 93 0 2
51 94 0 2
51 95 0 2
51 96 0 2
51 97 27614274 0
51 98 72930970 1
51 99 31475270 0
52 53 22285063 1
52 54 0 2
52 55 0 2
52 56 13374170 0
52 57 42161019 0
52 58 0 2
52 59 95865930 0
52 60 0 2
52 61 70792560 0
52 62 26668629 0
52 63 42788961 0
52 64 65472523 0
52 65 0 2
52 66 33487002 0
52 67 50627128 0
52 68 23679675 0
52 69 72451377 2
52 70 0 2
52 71 43920484 0
52 72 0 2
52 73 0 2
52 74 67281666 0
52 75 86263208 0
52 76 35923162 1
52 77 0 2
52 78 10588872 0
52 79 0 2
52 80 11289927 1
52 81 31587889 0
52 82 0 2
52 83 46985652 0
52 84 79465303 0
52 85 0 2
52 86 0 2
52 87 62901235 0
52 88 0 2
52 89 65515347 0
52 90 72778783 1
52 91 98265229 1
52 92 0 2
52 93 20166312 1
52 94 58497379 0
52 95 44151932 2
52 96 22839996 0
52 97 55910636 0
52 98 79212661 0
52 99 16617700 0
53 54 0 2
53 55 1290610 0
53 56 47000404 0
53 57 80648754 0
53 58 43396738 2
53 59 732886 2
53 60 69908462 1
53 61 45472521 0
53 62 12521480 0
53 63 73374825 0
53 64 66402117 0
53 65 9745743 0
53 66 47996868 1
53 67 0 2
53 68 49677146 1
53 69 25222007 0
53 70 0 2
53 71 19142871 0
53 72 97852621 0
53 73 0 2
53 74 87754945 0
53 75 0 2
53 76 82006837 0
53 77 46198624 0
53 78 53009255 0
53 79 0 2
53 80 65812003 0
53 81 0 2
53 82 0 2
53 83 51445801 0
53 84 94619035 0
53 85 0 2
53 86 797125 0
53 87 0 2
53 88 0 2
53 89 0 2
53 90 0 2
53 91 0 2
53 92 0 2
53 93 84295325 1
53 94 20385926 2
53 95 54369587 0
53 96 95148100 0
53 97 95315959 2
53 98 0 2
53 99 70454527 0
54 55 62749542 0
54 56 0 2
54 57 55046205 0
54 58 0 2
54 59 0 2
54 60 1008657 0
54 61 0 2
54 62 0 2
54 63 0 2
54 64 23473103 0
54 65 19486283 1
54 66 0 2
54 67 0 2
54 68 67132254 1
54 69 1960327 0
54 70 60414100 0
54 71 23058724 1
54 72 52028573 0
54 73 0 2
54 74 0 2
54 75 0 2
54 76 11113013 1
54 77 0 2
54 78 63255575 0
54 79 74574778 0
54 80 0 2
54 81 35886768 0
54 82 0 2
54 83 0 2
54 84 67231287 0
54 85 12303516 0
54 86 53162209 0
54 87 0 2
54 88 66459466 0
54 89 0 2
54 90 48380887 1
54 91 0 2
54 92 0 2
54 93 0 2
54 94 0 2
54 95 0 2
54 96 79622501 0
54 97 86125567 0
54 98 0 2
54 99 12624665 0
55 56 0 2
55 57 0 2
55 58 0 2
55 59 54104175 0
55 60 90957296 2
55 61 2447417 2
55 62 0 2
55 63 0 2
55 64 39302267 0
55 65 39873127 2
55 66 0 2
55 67 18324021 0
55 68 66012591 0
55 69 30359176 1
55 70 0 2
55 71 10240358 0
55 72 0 2
55 73 63422065 1
55 74 34670082 0
55 75 93294601 0
55 76 0 2
55 77 76736240 0
55 78 87152523 0
55 79 14753697 0
55 80 59270510 0
55 81 55343056 1
55 82 73099960 2
55 83 69356470 0
55 84 0 2
55 85 25424075 2
55 86 0 2
55 87 0 2
55 88 36874436 0
55 89 0 2
55 90 0 2
55 91 60112935 0
55 92 44654327 2
55 93 97073454 0
55 94 0 2
55 95 0 2
55 96 56213608 0
55 97 23390332 0
55 98 85362578 2
55 99 41679976 0
56 57 0 2
56 58 93641064 2
56 59 0 2
56 60 68565524 0
56 61 0 2
56 62 0 2
56 63 95833035 0
56 64 0 2
56 65 33305312 1
56 66 0 2
56 67 29907629 0
56 68 33790611 1
56 69 0 2
56 70 16407395 0
56 71 0 2
56 72 60956488 1
56 73 59906646 0
56 74 3796338 1
56 75 0 2
56 76 0 2
56 77 0 2
56 78 57667538 1
56 79 84038560 1
56 80 29201154 0
56 81 0 2
56 82 0 2
56 83 0 2
56 84 53191518 0
56 85 0 2
56 86 0 2
56 87 14754643 2
56 88 67917620 2
56 89 11402146 0
56 90 73232116 1
56 91 0 2
56 92 0 2
56 93 36631952 0
56 94 54361505 0
56 95 13110361 0
56 96 0 2
56 97 56134843 1
56 98 40258821 0
56 99 88579612 0
57 58 17452171 0
57 59 12195744 0
57 60 0 2
57 61 579097 0
57 62 70603049 1
57 63 0 2
57 64 0 2
57 65 96772355 1
57 66 0 2
57 67 78368901 0
57 68 0 2
57 69 0 2
57 70 27863617 0
57 71 37039829 0
57 72 0 2
57 73 59081249 0
57 74 0 2
57 75 38671270 1
57 76 24941054 0
57 77 0 2
57 78 0 2
57 79 80821755 0
57 80 0 2
57 81 78280490 0
57 82 60261005 0
57 83 97213440 0
57 84 0 2
57 85 0 2
57 86 52974846 1
57 87 73078911 0
57 88 0 2
57 89 50511188 0
57 90 77320374 2
57 91 87604459 0
57 92 75159020 1
57 93 94972724 0
57 94 0 2
57 95 5864316 0
57 96 40277501 0
57 97 0 2
57 98 81165329 0
57 99 0 2
58 59 7583484 2
58 60 55086701 1
58 61 92770626 0
58 62 0 2
58 63 80676662 0
58 64 38362874 0
58 65 25771738 0
58 66 78091522 0
58 67 92883309 0
58 68 0 2
58 69 44345254 0
58 70 41665776 0
58 71 14566597 0
58 72 56269039 0
58 73 3113484 0
58 74 70643264 0
58 75 0 2
58 76 99397040 0
58 77 74444475 0
58 78 4957621 0
58 79 7524168 0
58 80 87251699 0
58 81 0 2
58 82 26736442 2
58 83 85746424 2
58 84 0 2
58 85 0 2
58 86 0 2
58 87 87022459 1
58 88 29989042 0
58 89 98058047 0
58 90 68043070 0
58 91 0 2
58 92 48152854 0
58 93 67781928 0
58 94 0 2
58 95 0 2
58 96 13848101 1
58 97 0 2
58 98 61317338 0
58 99 29909732 0
59 60 77350996 0
59 61 20063892 0
59 62 0 2
59 63 0 2
59 64 0 2
59 65 23998921 1
59 66 0 2
59 67 22049364 1
59 68 34684325 0
59 69 0 2
59 70 0 2
59 71 97099859 1
59 72 0 2
59 73 0 2
59 74 25540689 0
59 75 0 2
59 76 87844293 0
59 77 0 2
59 78 0 2
59 79 38734676 0
59 80 22659893 0
59 81 3494182 1
59 82 19001463 0
59 83 61289466 0
59 84 0 2
59 85 0 2
59 86 12240685 0
59 87 44649074 0
59 88 26552092 0
59 89 0 2
59 90 0 2
59 91 5139643 0
59 92 15109175 0
59 93 53333423 0
59 94 0 2
59 95 0 2
59 96 29365478 0
59 97 48280299 1
59 98 64685463 0
59 99 0 2
60 61 3290449 0
60 62 60036651 0
60 63 0 2
60 64 15474877 0
60 65 41004356 0
60 66 45878330 0
60 67 61445029 0
60 68 89130765 1
60 69 0 2
60 70 0 2
60 71 54894974 0
60 72 0 2
60 73 91648533 1
60 74 84031080 0
60 75 0 2
60 76 0 2
60 77 70247224 0
60 78 10802500 0
60 79 0 2
60 80 44432456 0
60 81 61693711 0
60 82 88662930 1
60 83 22252466 0
60 84 89619266 0
60 85 31122172 0
60 86 0 2
60 87 12543029 1
60 88 28694914 0
60 89 69376742 1
60 90 95597314 1
60 91 68879120 0
60 92 0 2
60 93 0 2
60 94 10130826 0
60 95 74347248 0
60 96 93640584 2
60 97 0 2
60 98 16515630 1
60 99 47649045 0
61 62 0 2
61 63 0 2
61 64 82452944 2
61 65 0 2
61 66 0 2
61 67 53612895 0
61 68 79160694 2
61 69 0 2
61 70 0 2
61 71 51126316 0
61 72 0 2
61 73 14667668 0
61 74 0 2
61 75 0 2
61 76 29700991 0
61 77 2887850 0
61 78 0 2
61 79 0 2
61 80 0 2
61 81 0 2
61 82 48783856 1
61 83 49808232 0
61 84 0 2
61 85 90559925 0
61 86 0 2
61 87 0 2
61 88 0 2
61 89 30376443 0
61 90 32085495 0
61 91 0 2
61 92 76324069 0
61 93 58627826 0
61 94 61930393 0
61 95 20872861 0
61 96 0 2
61 97 68544180 2
61 98 53964025 0
61 99 75606092 0
62 63 84210784 0
62 64 58696468 0
62 65 86850919 2
62 66 34285666 0
62 67 2238376 1
62 68 81965725 1
62 69 0 2
62 70 0 2
62 71 32853006 0
62 72 3681918 0
62 73 19109643 1
62 74 0 2
62 75 0 2
62 76 73065011 0
62 77 0 2
62 78 8066239 1
62 79 0 2
62 80 0 2
62 81 0 2
62 82 0 2
62 83 84631064 1
62 84 0 2
62 85 0 2
62 86 0 2
62 87 92955880 1
62 88 0 2
62 89 38400172 0
62 90 0 2
62 91 33249381 0
62 92 0 2
62 93 33462173 0
62 94 46003941 2
62 95 0 2
62 96 19169212 0
62 97 0 2
62 98 80888373 0
62 99 0 2
63 64 57967209 0
63 65 0 2
63 66 0 2
63 67 91011848 1
63 68 52084406 0
63 69 89159325 0
63 70 17004533 0
63 71 0 2
63 72 61200 0
63 73 0 2
63 74 88962029 0
63 75 0 2
63 76 0 2
63 77 71193842 0
63 78 0 2
63 79 43759748 0
63 80 69998704 0
63 81 97063749 0
63 82 72544012 0
63 83 0 2
63 84 20484497 1
63 85 4294140 2
63 86 0 2
63 87 52204220 0
63 88 78991947 1
63 89 195571 0
63 90 0 2
63 91 97998411 1
63 92 87380283 0
63 93 0 2
63 94 51855578 0
63 95 0 2
63 96 0 2
63 97 77569263 0
63 98 0 2
63 99 78785280 0
64 65 52554694 1
64 66 3487222 1
64 67 75928844 0
64 68 4271292 1
64 69 306326 0
64 70 87870772 2
64 71 22588375 1
64 72 10424077 0
64 73 0 2
64 74 45751314 1
64 75 39732883 0
64 76 0 2
64 77 81694622 0
64 78 8500892 0
64 79 95128290 0
64 80 83501994 0
64 81 75644803 2
64 82 92671232 0
64 83 65805150 0
64 84 37199727 0
64 85 88515613 0
64 86 21859488 0
64 87 6027716 0
64 88 99081919 0
64 89 46445737 1
64 90 15660476 2
64 91 40259839 0
64 92 0 2
64 93 48506812 2
64 94 78861731 1
64 95 26874620 0
64 96 0 2
64 97 39232154 0
64 98 71190082 0
64 99 94609218 0
65 66 0 2
65 67 57382200 0
65 68 28630048 2
65 69 68335232 0
65 70 0 2
65 71 45750895 1
65 72 92940163 0
65 73 0 2
65 74 12310803 0
65 75 6096690 0
65 76 59310453 1
65 77 0 2
65 78 58660866 0
65 79 0 2
65 80 90662372 0
65 81 29807862 0
65 82 0 2
65 83 59457151 0
65 84 83599429 0
65 85 0 2
65 86 0 2
65 87 17520130 0
65 88 81384821 0
65 89 0 2
65 90 86738085 1
65 91 27508361 0
65 92 59360796 0
65 93 92684036 1
65 94 0 2
65 95 0 2
65 96 92801621 0
65 97 74025011 0
65 98 0 2
65 99 99245908 1
66 67 39140215 0
66 68 75230801 0
66 69 50967024 0
66 70 33499816 0
66 71 60123407 2
66 72 88177449 0
66 73 51621184 2
66 74 48449078 0
66 75 36386316 0
66 76 42453528 1
66 77 0 2
66 78 90765968 1
66 79 0 2
66 80 51905510 0
66 81 48251417 0
66 82 83428752 0
66 83 0 2
66 84 40169057 1
66 85 66268625 0
66 86 64441538 0
66 87 89909225 0
66 88 35892838 0
66 89 0 2
66 90 565020 1
66 91 4069016 0
66 92 93416308 0
66 93 20777829 1
66 94 37093300 0
66 95 0 2
66 96 4235010 1
66 97 52694985 0
66 98 13305528 0
66 99 0 2
67 68 89954361 0
67 69 0 2
67 70 0 2
67 71 0 2
67 72 0 2
67 73 45874291 0
67 74 0 2
67 75 40885476 2
67 76 85701736 0
67 77 24591983 0
67 78 0 2
67 79 0 2
67 80 50484019 0
67 81 4458859 0
67 82 73259822 0
67 83 62559564 0
67 84 0 2
67 85 48340806 0
67 86 14322260 2
67 87 60001085 0
67 88 0 2
67 89 9833229 0
67 90 12334460 1
67 91 61138131 0
67 92 0 2
67 93 24865435 0
67 94 39824044 0
67 95 78792440 0
67 96 69387350 1
67 97 0 2
67 98 39033350 1
67 99 77200705 1
68 69 14751848 2
68 70 78779814 0
68 71 0 2
68 72 0 2
68 73 23830961 0
68 74 35090743 2
68 75 0 2
68 76 0 2
68 77 0 2
68 78 0 2
68 79 0 2
68 80 71204138 1
68 81 97442639 0
68 82 23157716 0
68 83 41209352 1
68 84 29270251 0
68 85 39846288 1
68 86 98125569 2
68 87 87435970 0
68 88 0 2
68 89 0 2
68 90 93893732 0
68 91 89268440 0
68 92 95102106 0
68 93 0 2
68 94 0 2
68 95 61850942 1
68 96 0 2
68 97 39599057 0
68 98 77350500 0
68 99 0 2
69 70 0 2
69 71 90095457 1
69 72 92174736 0
69 73 0 2
69 74 14999621 2
69 75 0 2
69 76 42270563 0
69 77 0 2
69 78 12221955 0
69 79 0 2
69 80 0 2
69 81 0 2
69 82 99734365 0
69 83 31593610 0
69 84 41448190 0
69 85 0 2
69 86 0 2
69 87 89740851 0
69 88 86336983 0
69 89 59147986 0
69 90 0 2
69 91 57724098 0
69 92 0 2
69 93 40814527 0
69 94 11513263 0
69 95 48620735 0
69 96 2854800 0
69 97 0 2
69 98 0 2
69 99 0 2
70 71 0 2
70 72 27852910 0
70 73 21721288 2
70 74 0 2
70 75 48491988 2
70 76 0 2
70 77 75041357 0
70 78 21676328 0
70 79 0 2
70 80 25117256 0
70 81 0 2
70 82 67433619 2
70 83 0 2
70 84 19352048 0
70 85 81993921 0
70 86 62811375 0
70 87 7072437 0
70 88 4215276 0
70 89 91575943 0
70 90 75513284 1
70 91 0 2
70 92 0 2
70 93 50782191 0
70 94 592590 0
70 95 0 2
70 96 29296124 1
70 97 0 2
70 98 45739325 0
70 99 0 2
71 72 0 2
71 73 0 2
71 74 1219655 1
71 75 0 2
71 76 0 2
71 77 96207247 0
71 78 23486393 0
71 79 59357474 0
71 80 0 2
71 81 0 2
71 82 87903168 0
71 83 65980699 1
71 84 30450113 0
71 85 0 2
71 86 0 2
71 87 66869054 1
71 88 0 2
71 89 0 2
71 90 0 2
71 91 64863194 0
71 92 41116391 0
71 93 66308089 0
71 94 0 2
71 95 0 2
71 96 82180480 0
71 97 97488501 0
71 98 0 2
71 99 14323941 0
72 73 16730536 2
72 74 0 2
72 75 4064200 2
72 76 74815494 0
72 77 0 2
72 78 57679798 0
72 79 95757711 0
72 80 0 2
72 81 56356389 2
72 82 92234899 1
72 83 0 2
72 84 0 2
72 85 45727924 1
72 86 40026190 0
72 87 98647349 0
72 88 73987402 2
72 89 0 2
72 90 69981158 0
72 91 0 2
72 92 0 2
72 93 15623218 0
72 94 76051158 0
72 95 0 2
72 96 13844645 1
72 97 0 2
72 98 82138893 0
72 99 0 2
73 74 0 2
73 75 47794699 0
73 76 0 2
73 77 15944259 1
73 78 68652056 0
73 79 92182885 0
73 80 0 2
73 81 10448743 0
73 82 68541777 1
73 83 0 2
73 84 0 2
73 85 95323070 0
73 86 90747904 0
73 87 24650397 0
73 88 25118501 1
73 89 0 2
73 90 0 2
73 91 58920138 0
73 92 96084504 0
73 93 84403593 0
73 94 0 2
73 95 0 2
73 96 41678746 0
73 97 0 2
73 98 79194531 2
73 99 0 2
74 75 89987796 0
74 76 23809986 0
74 77 75100554 0
74 78 90066059 0
74 79 97528260 2
74 80 45481495 0
74 81 76022240 0
74 82 0 2
74 83 33626026 0
74 84 29354385 1
74 85 0 2
74 86 79662304 0
74 87 26041851 0
74 88 0 2
74 89 7354312 0
74 90 58715780 1
74 91 0 2
74 92 38282900 2
74 93 4176179 0
74 94 53207948 2
74 95 0 2
74 96 0 2
74 97 0 2
74 98 0 2
74 99 78360492 0
75 76 47983163 0
75 77 60842284 0
75 78 55417217 2
75 79 4206616 0
75 80 60714954 0
75 81 72839092 2
75 82 0 2
75 83 94660926 0
75 84 6704578 1
75 85 31573586 1
75 86 99236359 0
75 87 0 2
75 88 32592886 0
75 89 92722313 2
75 90 0 2
75 91 9847685 0
75 92 0 2
75 93 0 2
75 94 56697464 0
75 95 0 2
75 96 35570807 0
75 97 87696539 2
75 98 0 2
75 99 19026071 0
76 77 0 2
76 78 0 2
76 79 88222638 0
76 80 86655502 1
76 81 50503888 0
76 82 0 2
76 83 29672808 0
76 84 0 2
76 85 24122942 0
76 86 0 2
76 87 0 2
76 88 31984470 0
76 89 0 2
76 90 89127220 1
76 91 47078189 0
76 92 0 2
76 93 46195903 0
76 94 0 2
76 95 83765211 0
76 96 0 2
76 97 0 2
76 98 0 2
76 99 0 2
77 78 31014027 0
77 79 92982674 0
77 80 93010023 2
77 81 98859166 0
77 82 0 2
77 83 54209698 1
77 84 29922480 0
77 85 0 2
77 86 11038806 1
77 87 70940613 0
77 88 43475920 0
77 89 95331250 0
77 90 0 2
77 91 0 2
77 92 59606129 0
77 93 0 2
77 94 62883254 1
77 95 0 2
77 96 71179391 0
77 97 95893788 0
77 98 25507056 0
77 99 30215746 0
78 79 56206187 1
78 80 0 2
78 81 30376553 1
78 82 53122185 0
78 83 629753 1
78 84 85387433 0
78 85 0 2
78 86 0 2
78 87 0 2
78 88 44344173 0
78 89 11818265 0
78 90 0 2
78 91 0 2
78 92 64283084 1
78 93 6958550 1
78 94 58824969 0
78 95 10905522 2
78 96 69645349 0
78 97 0 2
78 98 0 2
78 99 0 2
79 80 46423432 0
79 81 55337830 0
79 82 33021536 2
79 83 45454190 1
79 84 0 2
79 85 96137634 0
79 86 72541468 0
79 87 0 2
79 88 63649837 0
79 89 0 2
79 90 0 2
79 91 0 2
79 92 0 2
79 93 8016575 2
79 94 0 2
79 95 23647128 0
79 96 25352311 1
79 97 75338814 0
79 98 13811346 1
79 99 0 2
80 81 96800177 1
80 82 98707274 0
80 83 572929 0
80 84 0 2
80 85 16789652 0
80 86 20182478 0
80 87 70524450 1
80 88 64876242 1
80 89 0 2
80 90 67206153 1
80 91 89312307 1
80 92 64585043 1
80 93 0 2
80 94 79949988 0
80 95 14862428 0
80 96 26457045 0
80 97 0 2
80 98 81368671 0
80 99 96016293 0
81 82 20179968 2
81 83 0 2
81 84 0 2
81 85 0 2
81 86 73517507 1
81 87 0 2
81 88 73443544 0
81 89 0 2
81 90 20949190 0
81 91 34661402 1
81 92 0 2
81 93 19107483 0
81 94 0 2
81 95 0 2
81 96 51838131 0
81 97 62371378 0
81 98 1682456 0
81 99 60543081 1
82 83 68910822 0
82 84 39478181 0
82 85 0 2
82 86 7382762 1
82 87 70101294 0
82 88 65440235 1
82 89 72454419 1
82 90 81559509 1
82 91 3666162 1
82 92 54714512 0
82 93 10345520 0
82 94 97121095 2
82 95 9543656 2
82 96 0 2
82 97 0 2
82 98 14361931 0
82 99 0 2
83 84 0 2
83 85 29458089 2
83 86 0 2
83 87 90611262 0
83 88 13455575 0
83 89 47604084 0
83 90 24160808 1
83 91 27413995 1
83 92 0 2
83 93 84183823 0
83 94 0 2
83 95 0 2
83 96 51720160 0
83 97 90454873 2
83 98 44464778 0
83 99 52827014 1
84 85 36574601 0
84 86 0 2
84 87 49836554 0
84 88 0 2
84 89 83217709 0
84 90 86624233 1
84 91 64785463 0
84 92 0 2
84 93 10922126 0
84 94 80769163 1
84 95 93824418 0
84 96 0 2
84 97 37803520 1
84 98 18066564 0
84 99 28507597 1
85 86 22025410 0
85 87 52977443 0
85 88 73057201 0
85 89 83097916 0
85 90 72139640 0
85 91 0 2
85 92 94976346 0
85 93 3536746 0
85 94 70569831 0
85 95 94112576 0
85 96 0 2
85 97 52626657 2
85 98 28322434 0
85 99 98348626 0
86 87 0 2
86 88 0 2
86 89 0 2
86 90 97447151 0
86 91 0 2
86 92 87233097 0
86 93 6593357 1
86 94 49714383 1
86 95 0 2
86 96 44199472 0
86 97 74653121 2
86 98 73448635 0
86 99 0 2
87 88 31816179 1
87 89 0 2
87 90 0 2
87 91 62332699 0
87 92 40237695 0
87 93 0 2
87 94 10730127 0
87 95 97953018 0
87 96 49370926 1
87 97 76572913 0
87 98 0 2
87 99 0 2
88 89 88520241 0
88 90 0 2
88 91 96353423 1
88 92 0 2
88 93 17577202 0
88 94 78746868 0
88 95 0 2
88 96 18074725 0
88 97 0 2
88 98 96749145 1
88 99 0 2
89 90 25105029 0
89 91 64151925 0
89 92 66991721 0
89 93 78932267 0
89 94 44497661 0
89 95 88912698 0
89 96 0 2
89 97 21579249 0
89 98 60541328 0
89 99 0 2
90 91 67326013 2
90 92 0 2
90 93 31030235 0
90 94 0 2
90 95 25239104 0
90 96 39064230 1
90 97 86854047 0
90 98 65663933 0
90 99 62578817 0
91 92 90381767 0
91 93 0 2
91 94 0 2
91 95 0 2
91 96 0 2
91 97 31478 2
91 98 81632459 0
91 99 32873855 0
92 93 19232809 0
92 94 0 2
92 95 64656259 1
92 96 96232652 0
92 97 17554940 0
92 98 11639370 2
92 99 4346823 0
93 94 0 2
93 95 0 2
93 96 25394613 0
93 97 0 2
93 98 18112488 0
93 99 0 2
94 95 13917622 0
94 96 0 2
94 97 0 2
94 98 24535368 0
94 99 21174001 0
95 96 0 2
95 97 0 2
95 98 0 2
95 99 0 2
96 97 0 2
96 98 0 2
96 99 0 2
97 98 28439960 0
97 99 26083022 0
98 99 519615 2
