100
4
3987
0 1 332 0
0 2 28 0
0 3 305 0
0 5 402 1
0 7 352 1
0 8 72 0
0 9 482 0
0 10 194 1
0 11 354 0
0 12 107 1
0 13 97 0
0 14 202 0
0 18 318 1
0 19 479 0
0 20 115 2
0 21 11 2
0 23 407 0
0 24 348 1
0 26 266 0
0 27 124 1
0 28 164 0
0 29 395 0
0 31 327 0
0 32 399 0
0 33 362 1
0 34 247 0
0 35 183 0
0 36 177 0
0 37 485 2
0 38 239 0
0 39 258 0
0 40 192 0
0 41 258 1
0 42 7 0
0 43 487 0
0 44 497 1
0 45 307 0
0 46 495 0
0 47 183 0
0 48 458 0
0 49 395 0
0 50 349 0
0 51 96 0
0 52 234 0
0 53 330 2
0 54 3 0
0 55 127 0
0 56 488 0
0 57 23 0
0 58 415 0
0 59 446 0
0 60 69 0
0 61 376 0
0 62 114 0
0 64 100 0
0 65 483 0
0 66 467 0
0 67 164 2
0 68 80 0
0 69 366 0
0 70 323 0
0 71 408 0
0 72 197 1
0 73 460 1
0 74 35 0
0 75 37 1
0 78 8 1
0 80 36 0
0 81 275 0
0 83 128 1
0 84 242 0
0 86 37 0
0 88 444 0
0 89 414 2
0 91 482 0
0 93 330 1
0 94 254 0
0 95 399 0
0 96 83 0
0 97 453 0
0 98 461 0
1 3 83 0
1 4 416 0
1 5 409 0
1 6 439 0
1 8 449 0
1 9 365 2
1 10 197 0
1 11 199 0
1 12 95 0
1 13 60 0
1 14 378 0
1 15 222 1
1 16 496 0
1 17 353 0
1 18 469 0
1 19 322 1
1 20 484 0
1 21 158 0
1 22 427 0
1 23 319 0
1 24 128 0
1 25 37 2
1 26 39 2
1 27 367 1
1 28 309 0
1 29 159 0
1 30 258 0
1 31 435 2
1 34 236 1
1 35 307 1
1 36 272 0
1 37 443 1
1 38 74 1
1 39 273 0
1 40 299 0
1 41 484 0
1 42 165 0
1 44 279 1
1 45 125 2
1 48 463 0
1 49 206 0
1 50 329 0
1 52 209 0
1 53 447 0
1 55 401 1
1 57 188 1
1 58 310 1
1 59 160 0
1 60 65 0
1 61 192 0
1 64 496 0
1 65 180 0
1 66 349 1
1 67 134 0
1 69 201 0
1 70 236 0
1 71 97 0
1 72 275 0
1 73 244 0
1 74 247 0
1 75 352 0
1 76 88 0
1 77 175 0
1 78 265 1
1 79 96 0
1 80 27 2
1 81 293 1
1 83 14 0
1 84 8 0
1 85 406 1
1 87 138 0
1 89 430 1
1 90 154 2
1 91 149 1
1 93 371 0
1 94 219 0
1 95 239 1
1 96 281 1
1 97 159 0
1 99 229 0
2 3 362 1
2 4 427 1
2 5 317 0
2 8 40 1
2 10 47 2
2 12 78 1
2 13 336 0
2 14 309 1
2 15 439 1
2 16 491 0
2 17 388 1
2 18 266 0
2 19 421 0
2 21 292 0
2 22 139 0
2 23 451 0
2 24 120 0
2 26 161 1
2 27 444 0
2 28 412 0
2 29 31 0
2 32 428 0
2 33 367 1
2 34 142 0
2 35 186 0
2 37 119 0
2 38 162 0
2 39 376 0
2 40 214 0
2 41 466 0
2 42 87 2
2 43 88 2
2 44 39 1
2 45 11 2
2 46 45 0
2 48 260 2
2 51 92 2
2 52 103 1
2 54 84 0
2 55 175 2
2 56 292 2
2 57 132 0
2 58 119 0
2 59 287 0
2 60 364 0
2 61 498 0
2 62 228 0
2 63 360 0
2 64 179 2
2 65 216 0
2 67 188 0
2 68 475 0
2 70 265 0
2 71 299 0
2 72 486 0
2 73 197 0
2 74 200 0
2 75 253 0
2 76 190 0
2 77 17 2
2 79 53 0
2 80 204 0
2 83 208 0
2 85 224 0
2 86 40 1
2 87 8 0
2 88 194 0
2 89 100 0
2 90 53 0
2 91 133 0
2 92 130 0
2 93 368 0
2 94 365 0
2 95 146 1
2 96 38 0
2 99 429 0
3 5 45 0
3 6 83 0
3 7 243 2
3 8 487 0
3 9 147 1
3 10 88 0
3 11 372 2
3 12 500 0
3 13 264 0
3 15 407 2
3 16 415 0
3 17 147 0
3 18 135 1
3 19 325 0
3 20 127 0
3 22 209 1
3 23 74 0
3 24 365 2
3 25 261 1
3 26 322 0
3 27 472 2
3 28 343 0
3 29 411 0
3 30 104 0
3 31 277 0
3 32 500 1
3 33 39 0
3 34 271 0
3 35 134 0
3 37 55 0
3 38 372 0
3 39 394 1
3 40 484 0
3 41 285 0
3 43 1 2
3 44 218 0
3 47 456 0
3 48 449 0
3 50 90 0
3 51 345 0
3 52 89 0
3 53 373 0
3 54 46 1
3 57 110 1
3 58 367 1
3 59 407 1
3 61 166 0
3 62 280 0
3 63 485 1
3 67 136 0
3 68 45 0
3 69 359 0
3 70 310 0
3 71 473 0
3 73 213 2
3 74 64 0
3 76 443 0
3 77 440 0
3 78 427 0
3 79 170 1
3 80 275 0
3 81 5 0
3 83 283 0
3 84 284 1
3 85 199 1
3 87 86 0
3 88 436 0
3 90 90 0
3 92 486 0
3 93 260 0
3 96 238 0
3 97 12 2
3 98 396 2
4 5 362 0
4 7 217 1
4 8 362 1
4 10 29 0
4 11 464 0
4 12 218 1
4 13 31 0
4 14 359 0
4 15 240 1
4 16 264 0
4 17 89 2
4 18 176 0
4 19 145 0
4 20 38 0
4 21 77 2
4 23 243 0
4 24 372 0
4 25 392 0
4 26 483 0
4 27 62 1
4 28 393 1
4 29 45 0
4 30 163 0
4 32 478 2
4 33 217 0
4 34 359 0
4 35 278 0
4 37 441 0
4 38 486 0
4 39 277 0
4 40 287 2
4 42 448 2
4 43 425 1
4 44 71 0
4 46 164 0
4 47 331 1
4 48 274 0
4 50 319 1
4 51 90 0
4 52 166 1
4 53 433 0
4 54 67 0
4 55 320 0
4 56 102 2
4 57 218 0
4 58 385 0
4 59 138 1
4 60 11 0
4 62 233 0
4 63 102 0
4 64 206 0
4 66 439 2
4 67 425 0
4 68 187 0
4 69 457 0
4 70 390 2
4 71 319 1
4 72 350 1
4 73 481 0
4 74 161 1
4 75 35 1
4 77 325 0
4 78 241 1
4 79 172 1
4 80 56 0
4 81 124 0
4 82 337 2
4 83 100 0
4 84 72 0
4 85 198 0
4 86 421 0
4 87 363 0
4 88 8 0
4 89 35 1
4 90 26 0
4 91 68 0
4 92 429 0
4 93 449 0
4 94 254 2
4 95 185 1
4 96 86 0
4 97 11 2
4 98 384 0
5 6 311 0
5 7 104 0
5 8 461 0
5 10 435 0
5 11 47 2
5 12 496 1
5 13 292 0
5 14 69 0
5 15 230 0
5 16 266 0
5 17 446 0
5 19 12 0
5 21 493 0
5 22 75 2
5 23 284 0
5 24 352 0
5 27 161 0
5 28 364 0
5 29 133 1
5 31 159 0
5 32 327 1
5 33 251 0
5 34 152 0
5 37 14 2
5 38 33 0
5 39 50 0
5 43 150 2
5 44 419 0
5 45 266 1
5 46 419 0
5 48 354 0
5 49 484 0
5 50 266 0
5 51 25 0
5 52 447 0
5 53 259 0
5 55 125 0
5 58 9 0
5 59 173 1
5 60 445 0
5 62 59 1
5 63 433 0
5 64 68 0
5 65 473 0
5 67 325 0
5 68 312 0
5 70 48 0
5 71 140 0
5 72 398 0
5 73 152 0
5 74 328 1
5 75 446 0
5 76 404 1
5 78 326 0
5 79 121 1
5 80 338 0
5 81 402 0
5 82 115 2
5 87 61 1
5 88 326 2
5 89 241 0
5 90 121 0
5 91 315 1
5 92 388 0
5 94 267 0
5 96 97 0
5 97 254 0
5 98 304 0
5 99 153 0
6 7 7 0
6 8 66 0
6 9 456 0
6 10 372 0
6 11 362 1
6 12 168 1
6 14 89 0
6 15 41 0
6 16 403 0
6 17 339 0
6 18 162 1
6 19 250 0
6 20 99 0
6 21 351 0
6 22 128 0
6 23 214 2
6 24 209 0
6 25 201 0
6 26 300 0
6 27 315 0
6 28 33 0
6 32 479 0
6 33 129 0
6 34 412 0
6 36 15 0
6 37 388 0
6 38 347 0
6 39 257 0
6 40 51 0
6 42 262 0
6 43 443 2
6 44 478 2
6 45 262 0
6 46 298 0
6 47 62 2
6 48 142 0
6 50 460 1
6 51 174 1
6 53 347 1
6 54 403 0
6 55 208 0
6 56 122 0
6 58 446 0
6 59 364 0
6 60 145 0
6 62 165 1
6 63 451 0
6 64 314 0
6 65 410 0
6 66 183 1
6 67 175 0
6 68 412 0
6 69 417 0
6 70 99 0
6 71 93 0
6 72 268 0
6 73 219 1
6 75 454 0
6 78 82 2
6 79 367 0
6 80 77 0
6 81 221 0
6 82 74 0
6 84 459 0
6 86 389 0
6 88 334 0
6 89 390 0
6 90 287 0
6 91 342 1
6 92 318 1
6 94 369 1
6 95 389 1
6 97 367 0
6 98 4 0
6 99 282 0
7 8 47 1
7 9 132 0
7 10 167 2
7 12 151 0
7 13 117 0
7 14 244 0
7 15 356 0
7 16 33 0
7 17 129 2
7 18 447 1
7 19 269 0
7 20 284 1
7 22 145 0
7 24 207 1
7 25 364 2
7 26 223 0
7 27 115 1
7 28 104 0
7 29 262 0
7 30 417 0
7 31 344 1
7 33 413 2
7 34 413 0
7 35 239 0
7 37 74 0
7 38 334 0
7 39 64 0
7 41 85 0
7 42 461 0
7 44 123 0
7 45 199 0
7 46 151 2
7 48 73 1
7 49 199 0
7 50 73 0
7 51 70 0
7 52 179 0
7 53 112 2
7 54 53 1
7 55 206 0
7 56 426 0
7 58 495 0
7 60 97 1
7 61 306 0
7 62 77 0
7 64 359 1
7 66 88 0
7 67 81 0
7 68 421 2
7 69 212 0
7 70 357 1
7 73 31 2
7 74 192 1
7 77 283 0
7 78 253 1
7 79 49 2
7 80 277 0
7 81 128 0
7 82 218 0
7 83 50 0
7 84 34 0
7 85 339 2
7 87 14 2
7 88 408 0
7 89 286 2
7 90 68 1
7 91 451 1
7 92 349 0
7 93 18 1
7 95 248 0
7 96 387 0
7 97 406 0
8 9 315 2
8 10 441 0
8 11 125 1
8 12 259 0
8 13 298 1
8 14 117 0
8 15 260 0
8 18 405 0
8 19 73 0
8 20 395 2
8 22 395 0
8 24 386 1
8 25 309 0
8 26 49 0
8 27 475 1
8 28 329 0
8 29 331 2
8 30 180 2
8 31 475 1
8 32 274 0
8 33 473 0
8 35 66 0
8 36 368 0
8 37 161 1
8 38 69 0
8 39 111 0
8 40 170 1
8 41 11 0
8 42 203 0
8 43 254 0
8 44 408 1
8 45 140 0
8 46 47 0
8 47 371 1
8 48 39 0
8 49 122 2
8 50 166 1
8 51 434 0
8 52 470 1
8 53 344 2
8 54 21 0
8 56 412 0
8 57 487 0
8 58 422 0
8 59 157 1
8 60 54 0
8 61 221 1
8 62 50 0
8 63 128 0
8 64 26 0
8 65 410 0
8 66 38 2
8 67 228 0
8 68 124 0
8 69 378 0
8 70 403 1
8 71 340 0
8 72 238 2
8 74 125 0
8 75 375 0
8 76 70 0
8 79 170 0
8 80 237 1
8 82 386 0
8 83 105 0
8 84 164 0
8 85 30 0
8 86 186 0
8 87 384 0
8 88 434 2
8 89 312 0
8 90 24 1
8 91 157 0
8 92 264 1
8 93 290 2
8 95 434 0
8 96 69 0
8 97 329 2
8 98 260 0
9 10 145 0
9 11 267 0
9 12 166 0
9 13 353 1
9 14 95 0
9 15 494 2
9 16 284 2
9 17 111 1
9 19 445 1
9 20 286 1
9 22 169 0
9 23 389 0
9 24 430 0
9 25 381 2
9 27 409 0
9 29 361 0
9 30 406 1
9 31 24 0
9 33 171 1
9 34 201 2
9 35 452 1
9 36 74 1
9 38 178 0
9 39 411 1
9 41 185 0
9 42 480 0
9 43 256 0
9 44 53 0
9 45 366 2
9 46 313 0
9 47 375 0
9 49 352 1
9 50 196 0
9 51 487 0
9 52 265 1
9 53 206 2
9 54 367 2
9 56 291 0
9 57 79 1
9 58 304 0
9 59 19 0
9 60 304 0
9 61 450 2
9 62 456 1
9 63 395 1
9 64 380 0
9 65 117 1
9 66 494 0
9 69 72 1
9 70 404 1
9 71 184 0
9 72 86 0
9 73 126 0
9 74 190 0
9 75 377 0
9 76 118 2
9 77 373 1
9 78 63 0
9 79 442 0
9 80 33 0
9 81 477 1
9 83 250 1
9 84 98 2
9 85 167 0
9 86 449 1
9 87 443 0
9 88 448 0
9 89 229 0
9 90 211 1
9 91 22 0
9 92 38 0
9 93 431 0
9 94 232 0
9 95 263 1
9 96 312 0
9 99 405 2
10 11 105 1
10 12 360 0
10 13 200 0
10 15 5 1
10 16 389 0
10 18 301 0
10 19 165 0
10 20 424 0
10 21 273 2
10 22 67 2
10 23 171 0
10 24 382 0
10 26 30 0
10 27 388 2
10 28 455 0
10 29 446 2
10 30 261 0
10 31 478 0
10 32 157 0
10 35 70 0
10 38 455 1
10 40 300 0
10 41 25 0
10 42 451 1
10 43 110 2
10 44 34 0
10 45 149 0
10 46 208 1
10 47 122 0
10 48 60 1
10 49 286 0
10 50 286 0
10 51 35 2
10 52 165 0
10 53 183 0
10 55 209 0
10 56 30 2
10 57 421 0
10 59 486 0
10 61 158 1
10 62 156 1
10 64 118 2
10 65 119 1
10 66 330 2
10 67 128 0
10 68 233 1
10 69 102 1
10 70 208 1
10 71 67 1
10 74 492 0
10 75 327 0
10 78 258 0
10 79 228 0
10 80 151 2
10 81 284 0
10 82 85 0
10 85 199 0
10 86 198 0
10 87 333 0
10 88 282 0
10 89 153 1
10 90 155 1
10 91 102 0
10 92 388 0
10 94 436 1
10 95 362 1
10 96 477 0
10 97 27 0
10 98 24 0
10 99 73 0
11 13 468 1
11 14 148 0
11 15 318 0
11 16 365 0
11 18 421 1
11 19 229 0
11 20 20 1
11 21 398 0
11 22 337 0
11 23 105 1
11 24 288 0
11 25 306 1
11 26 288 2
11 28 386 0
11 29 218 0
11 31 92 0
11 32 59 0
11 33 359 0
11 34 38 1
11 35 57 0
11 36 61 0
11 38 399 1
11 39 85 1
11 40 499 0
11 41 69 1
11 42 246 1
11 43 66 0
11 44 15 1
11 45 459 0
11 46 307 2
11 47 489 2
11 48 411 0
11 49 58 0
11 50 84 0
11 51 15 0
11 52 421 0
11 53 202 0
11 54 75 1
11 55 496 1
11 56 182 0
11 57 471 0
11 58 174 1
11 59 450 2
11 60 395 0
11 61 375 2
11 62 268 1
11 64 166 0
11 65 97 0
11 66 451 0
11 67 217 2
11 68 487 0
11 69 55 0
11 70 98 2
11 71 80 0
11 72 206 0
11 73 117 0
11 74 98 0
11 76 300 0
11 77 460 2
11 78 474 0
11 79 497 0
11 80 95 2
11 81 370 0
11 82 146 0
11 83 204 0
11 84 493 0
11 85 64 0
11 86 250 2
11 87 64 0
11 88 47 0
11 89 108 0
11 90 487 1
11 91 145 0
11 92 38 1
11 93 153 0
11 95 304 1
11 96 123 0
11 98 26 0
11 99 380 0
12 13 295 0
12 15 76 0
12 16 42 2
12 17 312 1
12 18 414 2
12 19 68 0
12 20 46 1
12 21 246 0
12 23 311 0
12 24 206 0
12 28 298 0
12 29 231 0
12 30 230 0
12 31 4 0
12 32 9 0
12 34 171 1
12 36 298 0
12 37 353 0
12 38 10 0
12 39 50 0
12 40 483 1
12 41 89 0
12 42 225 0
12 43 153 0
12 44 104 0
12 45 255 0
12 46 296 0
12 47 45 0
12 48 162 1
12 49 26 1
12 50 90 0
12 51 78 1
12 52 5 0
12 53 103 0
12 54 190 0
12 55 222 0
12 56 461 0
12 57 179 0
12 59 272 2
12 60 91 0
12 62 347 0
12 63 190 0
12 65 168 0
12 66 349 0
12 67 70 2
12 68 20 0
12 71 221 0
12 72 272 0
12 73 459 0
12 75 482 0
12 76 288 0
12 77 107 1
12 78 175 0
12 79 460 0
12 80 308 0
12 81 104 1
12 82 236 0
12 83 345 0
12 84 369 1
12 85 271 0
12 86 210 0
12 87 155 1
12 88 307 0
12 89 424 0
12 91 206 0
12 92 199 1
12 94 419 0
12 95 211 0
12 96 173 0
12 98 190 2
12 99 216 2
13 14 106 0
13 15 164 0
13 16 257 2
13 17 247 2
13 18 209 0
13 19 107 0
13 21 282 0
13 22 1 0
13 24 197 0
13 25 412 0
13 26 359 0
13 29 302 1
13 30 446 1
13 31 52 0
13 32 87 0
13 33 356 0
13 35 109 0
13 36 461 0
13 37 297 0
13 38 98 0
13 39 276 0
13 40 139 0
13 41 17 0
13 42 388 0
13 43 174 0
13 45 418 0
13 48 201 0
13 49 41 0
13 50 439 0
13 51 440 0
13 52 118 0
13 53 384 0
13 54 353 0
13 55 192 0
13 56 466 0
13 57 20 0
13 58 31 2
13 59 390 0
13 60 195 0
13 61 83 0
13 62 428 0
13 63 294 1
13 64 400 0
13 65 92 0
13 66 286 0
13 67 130 2
13 68 121 1
13 70 161 0
13 71 122 0
13 72 254 1
13 73 445 0
13 77 265 0
13 78 276 0
13 79 172 1
13 80 186 0
13 81 394 2
13 82 41 0
13 84 331 1
13 86 349 0
13 88 405 1
13 89 299 0
13 90 70 0
13 91 175 0
13 93 359 0
13 94 147 0
13 95 357 0
13 96 391 0
13 97 406 0
13 98 229 0
13 99 415 0
14 15 154 0
14 16 116 0
14 17 235 0
14 18 464 0
14 21 221 0
14 22 132 0
14 24 329 0
14 25 249 0
14 28 76 0
14 29 477 0
14 30 50 0
14 31 30 2
14 32 46 0
14 33 335 0
14 35 327 0
14 37 127 0
14 38 197 0
14 39 333 0
14 40 69 1
14 41 332 1
14 42 390 1
14 44 19 0
14 45 61 2
14 46 492 0
14 47 316 1
14 48 378 0
14 49 309 0
14 51 203 2
14 52 277 1
14 53 353 0
14 54 128 1
14 55 109 2
14 56 335 0
14 57 500 0
14 58 172 0
14 59 161 1
14 60 412 1
14 61 140 0
14 63 276 0
14 64 25 0
14 65 23 0
14 66 162 0
14 68 433 0
14 70 443 0
14 71 2 1
14 72 296 0
14 73 463 0
14 74 329 1
14 75 340 0
14 77 386 0
14 78 249 0
14 80 225 1
14 81 326 2
14 82 10 0
14 83 157 0
14 84 132 0
14 85 146 0
14 87 86 0
14 88 155 1
14 89 407 0
14 90 256 0
14 91 400 1
14 92 292 1
14 94 482 0
14 95 238 0
14 96 267 0
14 97 213 0
14 99 296 0
15 16 77 1
15 18 377 0
15 20 6 0
15 22 490 0
15 23 193 0
15 25 160 1
15 27 260 0
15 28 434 1
15 30 91 1
15 31 140 0
15 32 126 0
15 33 223 0
15 34 432 0
15 35 107 1
15 36 356 0
15 39 350 2
15 40 380 0
15 41 200 0
15 43 276 0
15 44 234 0
15 47 1 0
15 48 306 2
15 49 144 0
15 50 181 0
15 51 455 1
15 53 184 1
15 54 40 0
15 55 31 1
15 57 274 0
15 58 398 1
15 59 121 0
15 60 347 0
15 61 91 0
15 63 156 2
15 64 128 0
15 66 400 0
15 67 306 0
15 68 212 1
15 69 442 1
15 70 389 0
15 71 188 1
15 73 205 1
15 75 103 0
15 79 166 1
15 81 437 0
15 82 404 0
15 83 327 0
15 84 476 0
15 87 15 0
15 88 311 1
15 89 408 0
15 90 264 0
15 91 492 0
15 92 460 0
15 94 459 2
15 95 18 0
15 96 120 2
15 97 70 0
15 98 391 0
15 99 237 0
16 17 399 0
16 18 34 0
16 19 255 1
16 21 78 0
16 22 184 1
16 23 121 0
16 25 157 1
16 26 335 0
16 28 366 1
16 30 108 1
16 31 97 0
16 32 343 0
16 33 435 0
16 34 108 1
16 36 260 1
16 38 443 0
16 39 226 0
16 40 85 1
16 41 4 0
16 42 331 0
16 43 390 0
16 46 285 0
16 47 5 0
16 48 283 0
16 49 9 0
16 50 247 0
16 51 336 0
16 52 488 0
16 53 374 1
16 56 53 2
16 57 398 0
16 59 320 0
16 60 123 1
16 63 115 1
16 65 288 0
16 66 477 0
16 67 67 0
16 68 145 0
16 70 78 0
16 71 274 2
16 73 334 1
16 74 165 0
16 75 425 1
16 76 367 2
16 77 203 1
16 78 210 0
16 80 382 2
16 81 249 0
16 82 405 0
16 83 20 0
16 85 297 0
16 86 388 0
16 87 92 0
16 88 52 0
16 89 337 0
16 91 419 0
16 92 418 0
16 93 445 0
16 94 184 0
16 96 408 0
16 98 388 0
16 99 428 0
17 18 320 1
17 19 285 0
17 20 27 0
17 21 425 0
17 22 484 0
17 23 92 0
17 26 161 0
17 28 279 0
17 29 187 0
17 30 217 0
17 31 218 0
17 32 334 1
17 34 457 1
17 35 468 0
17 36 166 0
17 37 66 0
17 38 155 2
17 39 117 1
17 41 183 0
17 42 298 0
17 43 223 0
17 44 245 0
17 45 99 0
17 46 391 0
17 47 359 2
17 48 371 0
17 49 240 0
17 50 107 0
17 51 477 1
17 52 112 1
17 54 79 0
17 55 444 0
17 56 406 0
17 57 217 1
17 58 213 0
17 59 212 0
17 60 159 1
17 61 208 0
17 62 22 1
17 64 34 0
17 65 288 0
17 66 39 1
17 67 231 1
17 68 78 1
17 69 59 0
17 71 481 0
17 72 223 1
17 73 407 0
17 75 440 0
17 76 122 0
17 77 201 0
17 78 263 0
17 79 374 0
17 80 279 0
17 82 62 0
17 83 191 1
17 85 97 0
17 87 10 0
17 88 32 0
17 90 485 0
17 91 133 0
17 92 472 1
17 93 228 0
17 94 171 2
17 95 208 0
17 96 469 0
17 97 426 0
17 98 138 1
17 99 73 0
18 19 370 2
18 20 212 0
18 21 160 0
18 22 165 0
18 23 135 1
18 24 338 1
18 26 408 2
18 27 312 1
18 29 46 0
18 31 75 0
18 33 168 0
18 35 8 0
18 36 184 1
18 37 313 1
18 38 221 0
18 40 235 0
18 42 99 0
18 43 77 2
18 44 457 0
18 45 271 0
18 46 269 0
18 47 478 0
18 48 244 0
18 49 297 0
18 50 428 0
18 51 140 0
18 52 58 1
18 53 265 1
18 54 20 0
18 55 262 0
18 57 135 0
18 58 348 0
18 59 40 1
18 60 134 0
18 61 491 0
18 63 422 0
18 64 379 0
18 66 2 0
18 68 163 0
18 69 453 0
18 70 65 2
18 71 126 2
18 74 426 0
18 76 87 1
18 77 151 2
18 79 28 0
18 80 204 2
18 81 217 2
18 83 369 0
18 85 73 1
18 86 78 0
18 87 192 0
18 88 455 1
18 91 226 1
18 92 51 0
18 93 238 1
18 94 103 1
18 95 162 0
18 96 186 0
18 98 435 0
18 99 33 1
19 20 407 0
19 21 113 0
19 22 66 0
19 23 80 0
19 24 306 1
19 25 492 0
19 26 473 0
19 27 495 0
19 28 286 1
19 30 185 2
19 31 382 0
19 32 387 0
19 33 116 0
19 34 56 0
19 36 223 0
19 37 123 0
19 38 4 1
19 39 6 0
19 40 9 0
19 41 159 0
19 42 368 0
19 44 15 0
19 45 229 2
19 46 407 2
19 47 92 0
19 48 267 2
19 50 399 0
19 52 173 1
19 53 434 0
19 54 74 1
19 55 379 1
19 56 3 1
19 57 58 0
19 58 477 0
19 59 237 1
19 61 245 0
19 62 252 1
19 63 313 1
19 64 445 0
19 65 289 2
19 66 441 0
19 67 69 0
19 71 485 0
19 73 212 0
19 74 239 1
19 76 73 0
19 80 255 0
19 81 379 0
19 82 83 0
19 84 199 0
19 85 269 0
19 86 337 2
19 89 426 1
19 91 13 0
19 92 2 1
19 94 128 0
19 95 312 1
19 96 389 0
19 97 192 0
19 98 297 0
19 99 167 0
20 21 393 2
20 23 277 0
20 24 488 0
20 26 387 0
20 27 199 1
20 28 94 0
20 29 317 1
20 31 222 0
20 32 342 0
20 33 500 0
20 36 499 0
20 37 127 0
20 38 280 2
20 40 268 1
20 41 399 0
20 42 162 1
20 44 73 1
20 45 71 1
20 48 494 0
20 49 276 0
20 50 88 0
20 51 230 0
20 52 341 1
20 53 173 0
20 54 348 0
20 55 42 1
20 56 82 2
20 57 17 0
20 59 211 0
20 60 304 1
20 63 238 1
20 64 216 0
20 65 420 0
20 66 308 2
20 68 177 0
20 69 302 1
20 70 398 0
20 71 38 0
20 72 215 1
20 73 315 0
20 74 125 0
20 75 396 0
20 76 319 0
20 77 380 0
20 78 394 0
20 79 432 0
20 80 249 0
20 82 445 0
20 83 155 0
20 84 26 0
20 85 410 0
20 87 80 0
20 88 470 0
20 89 426 0
20 91 461 0
20 92 319 2
20 93 174 1
20 94 194 0
20 95 487 0
20 96 346 0
20 97 109 0
20 98 308 0
21 22 200 0
21 23 412 1
21 24 266 0
21 25 236 0
21 26 409 0
21 27 44 1
21 28 162 0
21 30 50 1
21 31 53 2
21 32 207 0
21 33 45 0
21 35 442 0
21 36 89 0
21 37 138 0
21 38 251 1
21 39 202 1
21 40 103 1
21 41 257 0
21 43 362 1
21 44 287 0
21 45 8 0
21 46 386 0
21 47 104 0
21 48 37 0
21 49 258 0
21 50 255 0
21 51 476 1
21 53 183 0
21 54 457 0
21 55 252 0
21 56 191 1
21 58 316 0
21 59 303 0
21 60 224 0
21 61 492 0
21 62 82 1
21 63 216 0
21 65 472 0
21 67 316 0
21 68 419 0
21 69 455 0
21 70 472 0
21 71 250 0
21 72 202 0
21 73 22 0
21 74 418 2
21 75 496 2
21 76 117 2
21 78 161 0
21 79 73 0
21 81 26 0
21 82 486 0
21 83 490 0
21 84 69 0
21 85 107 0
21 86 10 0
21 87 188 0
21 88 350 0
21 90 206 0
21 91 193 0
21 92 435 0
21 93 440 1
21 94 70 1
21 99 184 0
22 23 464 0
22 24 438 1
22 26 274 0
22 28 153 0
22 29 66 0
22 31 29 1
22 32 251 0
22 33 415 0
22 35 13 1
22 37 236 0
22 39 260 2
22 40 191 0
22 42 191 0
22 43 499 0
22 44 260 2
22 46 483 0
22 47 454 0
22 48 52 0
22 49 415 0
22 50 459 1
22 52 168 2
22 53 210 0
22 54 142 1
22 56 87 0
22 57 122 0
22 58 344 2
22 59 377 0
22 60 112 1
22 61 201 0
22 63 27 2
22 64 232 0
22 66 60 1
22 67 366 0
22 68 279 0
22 69 39 0
22 70 203 1
22 71 407 0
22 72 233 0
22 73 290 0
22 74 49 0
22 75 51 0
22 76 223 0
22 77 314 0
22 82 61 0
22 83 153 0
22 84 248 0
22 85 112 1
22 87 37 0
22 88 318 0
22 89 404 0
22 90 218 0
22 91 152 0
22 92 490 0
22 93 290 0
22 95 358 0
22 96 477 0
22 97 228 1
22 99 215 0
23 25 199 0
23 26 359 2
23 27 413 0
23 28 250 0
23 30 168 0
23 31 386 2
23 32 11 1
23 33 208 0
23 34 489 0
23 35 437 0
23 36 191 1
23 37 403 1
23 40 185 0
23 41 229 1
23 42 168 0
23 43 443 0
23 44 25 0
23 45 172 1
23 46 310 0
23 47 182 2
23 48 374 2
23 50 27 1
23 51 390 0
23 52 116 2
23 53 454 2
23 54 133 0
23 55 172 1
23 56 458 0
23 57 211 0
23 58 16 0
23 59 462 1
23 60 499 0
23 61 214 0
23 62 491 0
23 64 111 2
23 65 81 0
23 67 60 0
23 68 49 0
23 70 169 0
23 71 404 0
23 72 393 0
23 73 131 0
23 74 151 1
23 75 431 0
23 76 428 1
23 78 330 0
23 79 208 0
23 80 114 0
23 81 272 1
23 82 71 2
23 84 430 2
23 88 175 1
23 89 83 0
23 90 34 0
23 92 444 0
23 93 127 0
23 94 235 0
23 95 38 0
23 96 287 2
23 98 49 1
23 99 461 1
24 25 285 0
24 31 195 0
24 32 132 0
24 33 8 1
24 34 188 0
24 35 138 1
24 36 350 0
24 37 201 0
24 40 95 1
24 41 414 2
24 42 342 2
24 43 363 0
24 44 104 0
24 45 312 0
24 46 37 0
24 48 82 2
24 49 438 0
24 50 183 1
24 51 114 1
24 52 1 0
24 53 395 0
24 54 226 0
24 55 432 1
24 56 275 0
24 57 198 0
24 59 41 0
24 60 355 2
24 61 417 0
24 62 306 0
24 63 107 1
24 64 190 0
24 65 460 0
24 66 325 0
24 67 263 1
24 68 61 1
24 69 486 0
24 71 216 0
24 72 307 0
24 73 450 0
24 75 357 0
24 76 268 0
24 77 136 0
24 78 314 0
24 79 236 0
24 80 241 0
24 81 124 0
24 82 307 2
24 83 261 1
24 84 107 1
24 85 261 0
24 87 326 1
24 88 487 1
24 89 338 1
24 90 473 0
24 91 473 0
24 92 465 1
24 93 302 0
24 94 160 2
24 95 477 0
24 96 209 0
24 97 93 2
24 99 443 0
25 26 463 0
25 27 89 1
25 28 339 2
25 32 59 0
25 33 1 0
25 34 291 0
25 35 61 0
25 36 228 0
25 38 63 0
25 39 58 0
25 40 267 0
25 41 162 1
25 42 317 0
25 43 308 2
25 45 213 2
25 46 126 0
25 48 370 2
25 50 159 0
25 51 448 0
25 52 407 1
25 54 146 0
25 55 202 0
25 56 208 0
25 57 287 0
25 58 454 1
25 59 437 0
25 60 475 0
25 61 290 0
25 62 232 0
25 63 160 1
25 64 263 0
25 66 130 0
25 67 20 0
25 69 321 1
25 70 223 0
25 71 244 0
25 72 263 0
25 75 308 0
25 78 380 1
25 79 261 1
25 80 105 0
25 81 359 0
25 82 294 0
25 83 186 0
25 85 334 1
25 86 334 2
25 87 73 0
25 88 430 2
25 89 371 0
25 90 7 1
25 91 446 1
25 92 224 1
25 93 334 1
25 94 361 0
25 95 117 0
25 96 70 0
25 97 312 2
25 99 212 0
26 27 48 0
26 30 195 0
26 32 55 0
26 33 7 1
26 34 362 0
26 36 461 0
26 38 181 0
26 40 64 0
26 41 167 0
26 42 377 0
26 43 3 0
26 44 138 2
26 45 79 1
26 46 113 1
26 48 109 0
26 49 482 0
26 51 202 1
26 52 410 0
26 53 124 1
26 54 362 0
26 55 29 0
26 57 209 0
26 58 155 1
26 59 310 0
26 60 325 1
26 62 445 0
26 63 17 0
26 64 341 1
26 65 413 0
26 67 77 1
26 68 363 0
26 70 372 2
26 71 9 0
26 72 317 1
26 73 143 0
26 74 497 0
26 75 224 0
26 76 107 0
26 79 378 2
26 80 48 0
26 81 242 1
26 83 6 0
26 84 101 0
26 85 427 0
26 86 465 0
26 87 182 1
26 88 315 2
26 89 290 2
26 90 4 0
26 91 140 1
26 94 103 0
26 95 73 0
26 96 118 1
26 98 472 2
27 29 182 0
27 30 106 1
27 31 62 0
27 33 142 0
27 34 15 0
27 35 306 0
27 36 460 0
27 37 172 2
27 38 39 0
27 39 195 2
27 40 148 0
27 41 408 2
27 43 480 0
27 44 282 0
27 45 495 1
27 46 417 1
27 47 455 0
27 48 218 0
27 49 80 2
27 50 384 0
27 52 81 0
27 53 182 2
27 54 298 0
27 55 419 2
27 56 223 0
27 59 392 0
27 60 234 0
27 61 164 0
27 64 449 0
27 65 47 0
27 66 308 0
27 67 186 0
27 69 390 0
27 72 357 0
27 73 203 0
27 74 405 0
27 75 270 0
27 76 347 0
27 77 358 1
27 78 436 0
27 79 221 0
27 80 264 0
27 81 398 2
27 82 456 0
27 83 433 0
27 84 475 0
27 86 437 2
27 87 360 0
27 88 3 1
27 89 329 0
27 91 183 0
27 92 301 0
27 93 50 0
27 95 121 0
27 96 75 0
27 97 285 2
27 98 267 0
27 99 416 0
28 29 80 0
28 30 454 0
28 32 144 0
28 33 285 0
28 35 408 0
28 36 16 0
28 37 117 0
28 39 470 1
28 40 210 0
28 41 431 1
28 42 195 0
28 43 322 0
28 45 412 0
28 46 249 2
28 47 304 2
28 48 335 1
28 49 372 0
28 50 257 0
28 51 338 0
28 52 301 0
28 53 293 0
28 54 412 0
28 55 437 0
28 57 295 0
28 59 12 0
28 61 372 2
28 62 89 0
28 63 233 0
28 64 265 1
28 66 340 0
28 67 22 1
28 68 233 0
28 69 308 0
28 70 27 0
28 71 134 1
28 72 314 0
28 73 242 0
28 74 359 0
28 75 325 0
28 76 412 0
28 77 187 0
28 78 253 0
28 79 460 0
28 80 85 1
28 82 258 0
28 85 213 2
28 86 274 1
28 87 437 2
28 89 127 0
28 90 253 0
28 92 62 0
28 93 452 1
28 95 323 0
28 96 306 1
28 97 394 0
28 98 63 1
29 30 183 0
29 31 173 1
29 32 269 0
29 33 270 1
29 34 479 0
29 36 456 0
29 37 97 0
29 38 130 0
29 40 404 1
29 42 384 0
29 43 382 1
29 45 134 1
29 46 368 0
29 49 295 0
29 50 304 1
29 52 493 0
29 53 150 0
29 54 36 2
29 55 67 1
29 56 127 2
29 57 339 0
29 58 25 0
29 59 313 0
29 60 451 0
29 61 179 0
29 62 165 0
29 63 473 1
29 64 365 2
29 65 43 0
29 66 171 2
29 67 483 0
29 70 159 2
29 71 367 0
29 73 221 0
29 74 459 2
29 75 314 0
29 76 76 2
29 77 367 0
29 78 402 0
29 80 159 0
29 81 52 0
29 82 249 0
29 83 493 0
29 85 247 0
29 87 355 0
29 88 178 0
29 89 53 0
29 90 218 0
29 92 121 1
29 93 94 2
29 94 148 0
29 95 13 0
29 96 493 1
29 97 391 0
29 98 319 1
29 99 309 0
30 31 219 2
30 32 483 0
30 33 343 0
30 35 387 0
30 37 111 2
30 38 349 1
30 41 72 0
30 43 496 0
30 44 349 0
30 45 33 0
30 47 12 0
30 48 135 1
30 49 119 1
30 50 178 0
30 52 470 0
30 53 173 0
30 54 180 2
30 56 199 2
30 57 300 0
30 58 399 0
30 60 365 0
30 62 99 0
30 63 166 0
30 65 272 1
30 66 220 1
30 67 175 0
30 68 100 1
30 69 165 0
30 70 402 0
30 71 142 1
30 72 76 1
30 73 20 0
30 74 335 1
30 76 10 1
30 77 300 2
30 78 340 0
30 79 297 1
30 80 480 0
30 82 89 0
30 83 222 0
30 85 402 0
30 86 86 0
30 87 42 0
30 88 383 0
30 89 138 0
30 90 243 0
30 91 147 0
30 92 165 0
30 93 499 0
30 97 406 1
30 98 126 0
30 99 153 0
31 32 425 0
31 34 212 1
31 35 460 1
31 36 146 0
31 39 465 0
31 40 126 0
31 41 10 0
31 43 102 0
31 44 252 1
31 45 78 1
31 46 376 0
31 47 334 0
31 49 114 0
31 51 17 0
31 52 197 0
31 56 147 0
31 57 429 2
31 58 370 0
31 59 251 0
31 60 88 0
31 61 206 0
31 63 359 1
31 64 4 0
31 65 346 1
31 68 42 1
31 69 477 1
31 70 202 0
31 71 407 1
31 72 271 1
31 73 54 0
31 77 91 1
31 78 310 0
31 79 69 0
31 80 217 2
31 82 264 1
31 83 348 0
31 86 157 0
31 87 279 1
31 89 137 0
31 90 82 1
31 91 160 2
31 92 334 1
31 93 368 0
31 94 256 0
31 96 258 0
31 98 223 0
32 33 135 0
32 34 108 0
32 35 83 0
32 36 134 0
32 37 268 1
32 38 44 1
32 39 463 1
32 40 208 2
32 41 116 0
32 42 230 1
32 43 188 0
32 44 224 0
32 45 401 0
32 46 123 0
32 47 414 0
32 48 38 0
32 49 463 0
32 50 493 2
32 51 87 0
32 54 43 1
32 55 317 2
32 59 375 0
32 60 45 2
32 61 178 0
32 62 471 1
32 64 310 2
32 65 379 0
32 66 278 0
32 68 111 0
32 69 118 0
32 71 79 0
32 72 208 0
32 73 185 0
32 74 5 0
32 75 23 0
32 76 367 0
32 77 151 1
32 78 89 0
32 79 361 0
32 80 212 0
32 81 348 0
32 82 119 0
32 83 307 1
32 84 458 1
32 85 243 1
32 86 450 1
32 88 273 1
32 90 445 0
32 91 166 0
32 92 392 0
32 93 211 1
32 94 68 0
32 96 175 0
32 99 110 0
33 35 497 0
33 36 66 1
33 37 166 1
33 38 180 1
33 39 397 0
33 40 163 0
33 41 213 1
33 42 135 1
33 43 141 0
33 44 75 0
33 45 224 0
33 46 129 1
33 48 470 0
33 49 239 1
33 50 171 0
33 51 294 0
33 52 394 1
33 53 396 0
33 54 500 0
33 55 401 0
33 56 315 0
33 57 430 0
33 59 238 0
33 60 379 0
33 61 255 1
33 62 232 0
33 63 134 0
33 64 130 0
33 66 425 1
33 67 66 0
33 68 63 0
33 69 344 0
33 70 473 0
33 71 448 0
33 72 380 0
33 73 277 0
33 75 291 0
33 76 264 0
33 77 142 2
33 78 177 1
33 79 423 1
33 80 265 2
33 82 100 0
33 83 31 0
33 84 138 2
33 85 248 1
33 86 229 0
33 87 4 0
33 89 287 0
33 90 70 0
33 91 144 0
33 92 303 1
33 93 477 0
33 94 317 2
33 95 354 0
33 97 11 1
33 98 254 1
34 35 76 2
34 36 30 0
34 37 472 2
34 39 10 1
34 40 15 2
34 41 167 0
34 42 489 0
34 43 224 0
34 45 126 0
34 46 65 0
34 47 275 0
34 48 311 1
34 49 51 0
34 50 396 0
34 51 331 0
34 52 449 0
34 53 37 0
34 54 500 1
34 56 178 0
34 57 64 1
34 58 397 0
34 60 138 0
34 61 67 1
34 62 287 1
34 63 413 1
34 64 22 0
34 65 320 0
34 66 426 0
34 68 133 0
34 69 338 0
34 70 408 0
34 71 19 0
34 73 429 0
34 74 414 0
34 76 84 2
34 78 125 0
34 79 93 1
34 80 207 1
34 82 20 2
34 83 251 0
34 84 149 1
34 85 242 0
34 86 87 0
34 87 377 0
34 88 457 0
34 89 475 1
34 90 478 0
34 91 335 0
34 92 31 1
34 93 204 2
34 94 458 0
34 95 390 0
34 96 247 0
34 97 379 1
34 98 237 0
34 99 123 1
35 36 192 1
35 37 76 0
35 38 211 0
35 39 380 0
35 41 262 0
35 42 76 1
35 43 339 0
35 44 244 2
35 46 408 2
35 48 25 0
35 49 437 2
35 50 97 0
35 51 442 2
35 52 364 0
35 53 193 0
35 54 188 0
35 56 207 0
35 58 281 0
35 59 151 0
35 63 183 0
35 64 357 0
35 65 400 1
35 66 199 1
35 67 185 0
35 68 363 0
35 69 169 0
35 72 205 0
35 73 473 0
35 74 390 0
35 75 136 1
35 76 471 0
35 77 469 2
35 78 405 0
35 79 382 1
35 81 197 0
35 82 343 0
35 83 88 2
35 84 89 0
35 86 334 1
35 87 267 0
35 89 469 0
35 90 462 0
35 91 142 0
35 93 110 0
35 94 307 0
35 95 106 0
35 96 208 1
35 97 372 0
35 98 180 0
35 99 361 0
36 37 49 0
36 38 465 0
36 40 140 0
36 41 243 0
36 42 492 0
36 43 145 0
36 44 303 1
36 45 109 0
36 47 38 0
36 49 424 1
36 50 16 0
36 51 177 0
36 53 98 1
36 54 31 0
36 55 162 1
36 56 472 0
36 57 436 0
36 58 34 0
36 59 176 0
36 60 37 0
36 61 199 0
36 62 269 0
36 64 152 1
36 65 446 0
36 66 430 0
36 69 63 1
36 70 333 1
36 71 342 0
36 72 160 1
36 73 96 0
36 75 46 1
36 76 475 0
36 77 170 0
36 78 478 0
36 79 263 0
36 81 114 0
36 82 146 0
36 84 173 0
36 87 121 0
36 88 200 0
36 90 223 0
36 91 29 2
36 92 81 0
36 93 205 1
36 94 475 0
36 95 222 0
36 96 279 0
36 97 485 1
36 98 192 0
36 99 109 1
37 38 448 0
37 39 204 1
37 41 93 0
37 42 314 0
37 43 80 0
37 44 210 0
37 45 218 0
37 46 461 0
37 47 220 1
37 48 387 0
37 49 397 1
37 50 92 0
37 51 85 0
37 52 53 0
37 53 391 1
37 54 136 1
37 55 148 0
37 56 163 0
37 57 37 1
37 58 410 0
37 59 309 0
37 60 302 0
37 63 137 0
37 64 9 0
37 65 410 0
37 66 210 0
37 67 224 0
37 69 159 0
37 70 200 1
37 71 137 0
37 73 165 0
37 74 133 1
37 75 379 0
37 76 351 0
37 78 372 1
37 80 248 1
37 81 50 0
37 82 92 0
37 83 405 0
37 84 81 1
37 85 28 0
37 86 281 0
37 87 297 0
37 88 151 0
37 89 8 0
37 90 450 0
37 93 358 2
37 95 165 0
37 97 20 0
37 99 411 1
38 39 9 2
38 40 53 0
38 41 11 1
38 42 479 0
38 43 359 0
38 45 482 0
38 46 341 2
38 47 381 1
38 48 311 0
38 49 93 0
38 50 39 1
38 51 315 0
38 53 167 2
38 54 481 2
38 55 396 0
38 56 365 0
38 57 270 0
38 58 347 0
38 59 309 2
38 61 227 0
38 62 151 0
38 63 446 1
38 64 186 0
38 65 99 0
38 66 413 0
38 67 457 0
38 68 98 0
38 70 34 0
38 71 469 0
38 72 433 0
38 73 121 0
38 74 246 0
38 75 205 0
38 76 237 0
38 77 156 2
38 79 372 0
38 80 445 0
38 81 219 0
38 84 167 0
38 85 129 1
38 86 470 0
38 87 466 1
38 88 369 0
38 89 437 1
38 90 388 0
38 91 298 1
38 92 413 0
38 93 99 2
38 94 290 0
38 95 247 0
38 96 320 0
38 97 44 2
38 99 100 0
39 41 78 1
39 42 165 0
39 44 289 0
39 45 299 2
39 46 54 0
39 48 255 1
39 49 330 0
39 50 113 1
39 51 321 1
39 52 85 0
39 53 318 0
39 54 263 0
39 55 499 0
39 56 241 2
39 58 24 0
39 59 221 0
39 60 280 0
39 61 26 1
39 62 483 0
39 64 319 0
39 65 293 0
39 66 210 0
39 67 91 0
39 68 232 0
39 69 280 0
39 70 90 0
39 71 430 0
39 72 88 0
39 73 375 2
39 74 456 1
39 75 42 0
39 76 282 2
39 77 392 0
39 78 456 1
39 79 253 1
39 80 48 1
39 81 389 0
39 84 474 1
39 85 18 0
39 86 381 2
39 88 143 0
39 89 483 1
39 90 250 0
39 92 125 0
39 95 253 2
39 97 488 0
39 98 400 0
39 99 465 0
40 41 474 0
40 43 186 0
40 44 132 1
40 45 18 0
40 46 457 0
40 47 311 0
40 48 235 0
40 49 493 0
40 50 334 0
40 51 397 0
40 52 41 0
40 53 33 0
40 54 253 1
40 55 299 0
40 56 72 0
40 58 21 0
40 59 444 0
40 60 490 0
40 61 347 0
40 62 287 0
40 63 388 0
40 64 475 0
40 66 298 0
40 68 162 0
40 69 50 1
40 70 439 2
40 71 425 0
40 72 282 0
40 73 301 0
40 75 338 0
40 77 367 0
40 78 420 1
40 79 381 0
40 80 476 0
40 81 199 2
40 82 484 0
40 83 334 1
40 84 77 1
40 85 284 1
40 87 441 0
40 88 258 0
40 90 251 0
40 91 373 1
40 92 154 0
40 93 134 1
40 94 106 0
40 95 369 0
40 96 212 2
41 42 431 2
41 43 366 1
41 44 305 0
41 45 199 0
41 46 180 0
41 47 209 0
41 48 102 0
41 49 147 0
41 51 365 0
41 52 499 0
41 53 414 0
41 54 132 0
41 55 13 0
41 56 404 0
41 57 59 2
41 58 345 1
41 59 481 2
41 60 198 0
41 61 326 0
41 62 431 0
41 63 174 0
41 64 487 0
41 65 161 2
41 66 45 0
41 67 240 2
41 68 401 0
41 69 365 1
41 70 418 2
41 71 280 1
41 72 203 0
41 73 53 0
41 74 243 0
41 75 19 2
41 76 100 1
41 77 166 0
41 78 476 0
41 79 394 1
41 80 115 0
41 81 490 0
41 82 405 0
41 83 469 0
41 84 34 0
41 85 61 1
41 86 200 0
41 88 468 0
41 89 389 0
41 90 415 0
41 91 422 1
41 92 38 0
41 93 483 0
41 94 119 0
41 95 359 0
41 97 144 0
41 99 309 0
42 43 213 0
42 44 283 0
42 46 224 0
42 47 343 0
42 48 153 0
42 49 174 0
42 50 499 0
42 52 177 0
42 53 401 0
42 54 439 0
42 55 405 0
42 56 185 0
42 57 92 0
42 58 416 0
42 59 492 0
42 62 412 0
42 63 319 0
42 64 430 0
42 65 391 0
42 66 77 2
42 67 166 2
42 69 369 0
42 71 280 0
42 72 184 2
42 73 481 0
42 75 162 1
42 77 373 1
42 78 291 0
42 80 38 0
42 81 359 0
42 83 311 0
42 84 170 1
42 85 144 0
42 86 118 0
42 87 53 1
42 88 320 0
42 89 134 0
42 90 54 2
42 91 121 0
42 93 181 0
42 94 125 0
42 95 258 0
42 96 492 2
42 98 212 0
42 99 299 0
43 44 400 0
43 45 250 0
43 46 158 0
43 47 79 0
43 48 107 0
43 49 236 0
43 50 13 0
43 51 446 0
43 52 255 0
43 53 404 0
43 55 16 1
43 56 134 0
43 57 17 0
43 58 37 0
43 59 241 1
43 63 411 1
43 65 328 1
43 66 460 0
43 67 413 0
43 68 78 0
43 69 19 0
43 70 39 0
43 71 28 0
43 72 14 2
43 73 205 0
43 74 33 2
43 75 15 0
43 76 72 0
43 77 49 1
43 78 302 0
43 79 275 0
43 81 487 2
43 82 370 2
43 84 403 0
43 85 16 0
43 86 462 0
43 88 138 0
43 89 204 0
43 90 418 0
43 91 265 0
43 92 481 0
43 93 297 0
43 94 116 0
43 95 301 1
43 96 133 0
43 97 1 1
43 98 123 0
44 45 403 2
44 46 253 1
44 47 64 0
44 48 34 0
44 50 217 0
44 53 262 0
44 54 258 0
44 56 157 0
44 58 18 0
44 60 268 0
44 61 138 1
44 63 497 0
44 64 99 0
44 65 425 0
44 66 186 0
44 67 395 0
44 68 142 0
44 69 140 0
44 70 487 0
44 71 392 0
44 72 429 0
44 74 110 0
44 75 329 1
44 76 126 0
44 77 83 1
44 78 43 0
44 79 330 0
44 81 276 1
44 82 124 1
44 83 100 1
44 84 57 1
44 86 161 0
44 88 308 0
44 89 458 1
44 90 458 0
44 92 399 0
44 93 278 1
44 94 190 0
44 95 51 0
44 96 42 2
44 97 169 0
44 98 264 0
44 99 8 2
45 46 123 2
45 49 131 1
45 50 206 0
45 51 115 1
45 52 299 0
45 53 100 0
45 54 413 0
45 55 424 0
45 56 43 0
45 58 483 0
45 59 65 1
45 60 75 0
45 61 168 0
45 62 442 0
45 67 237 0
45 68 193 0
45 69 423 0
45 70 202 0
45 71 389 0
45 73 276 0
45 75 94 0
45 76 200 0
45 77 455 0
45 78 221 1
45 79 199 0
45 81 391 0
45 83 208 0
45 85 279 1
45 86 419 0
45 87 417 0
45 90 341 0
45 91 79 0
45 93 491 0
45 94 5 0
45 95 317 0
45 96 49 0
45 97 165 0
45 98 10 0
45 99 43 0
46 48 325 0
46 49 137 0
46 50 111 0
46 51 123 0
46 52 53 2
46 53 92 1
46 54 93 1
46 55 427 1
46 56 125 2
46 57 57 0
46 58 318 0
46 59 29 0
46 60 51 1
46 61 329 0
46 62 144 1
46 63 324 0
46 64 457 1
46 67 361 0
46 68 36 0
46 69 144 0
46 70 251 0
46 71 317 0
46 72 93 1
46 74 18 0
46 75 324 0
46 76 81 0
46 77 230 1
46 78 356 0
46 82 412 0
46 83 396 0
46 84 14 0
46 85 108 0
46 86 221 0
46 87 199 0
46 88 484 0
46 89 352 0
46 90 339 0
46 91 136 0
46 92 247 1
46 93 14 1
46 94 361 1
46 95 56 0
46 96 124 1
46 97 324 1
46 98 422 0
46 99 364 1
47 48 376 1
47 49 311 1
47 50 102 0
47 51 317 0
47 52 277 0
47 54 390 0
47 55 114 0
47 56 20 0
47 57 487 0
47 58 130 0
47 59 73 0
47 60 359 0
47 61 264 0
47 62 194 0
47 63 32 0
47 64 452 0
47 65 451 0
47 66 355 0
47 67 87 0
47 68 290 0
47 69 151 0
47 70 233 0
47 71 257 0
47 72 9 0
47 73 486 0
47 74 155 0
47 75 144 0
47 76 215 0
47 78 174 0
47 79 422 0
47 81 371 0
47 82 213 0
47 83 473 1
47 84 31 1
47 85 146 1
47 86 352 0
47 87 468 0
47 88 2 2
47 89 308 0
47 90 472 0
47 91 223 2
47 92 162 0
47 94 457 1
47 96 53 1
47 97 11 0
47 99 139 0
48 49 229 0
48 50 92 0
48 51 56 0
48 52 83 0
48 54 403 1
48 56 497 0
48 58 317 1
48 60 436 0
48 61 123 0
48 62 227 0
48 63 405 0
48 64 498 1
48 65 382 0
48 66 25 0
48 67 301 0
48 68 199 0
48 69 279 0
48 70 326 1
48 71 118 0
48 72 197 0
48 76 324 1
48 78 398 0
48 79 75 0
48 82 57 0
48 83 65 1
48 84 112 2
48 85 126 0
48 86 132 0
48 87 207 0
48 88 142 1
48 89 310 1
48 90 112 1
48 91 345 0
48 92 168 0
48 93 334 0
48 94 199 2
48 96 155 0
48 97 280 0
48 98 278 0
48 99 122 2
49 50 340 0
49 51 215 0
49 52 138 2
49 53 499 0
49 54 91 1
49 55 469 0
49 56 462 0
49 57 346 0
49 59 288 0
49 61 448 0
49 63 291 0
49 65 245 0
49 66 345 0
49 67 330 0
49 68 379 0
49 70 235 2
49 71 27 0
49 72 458 0
49 73 381 0
49 74 224 1
49 75 329 0
49 77 268 0
49 79 315 1
49 80 443 0
49 81 160 0
49 82 67 0
49 83 83 0
49 85 338 0
49 86 109 0
49 87 389 0
49 88 199 0
49 89 306 0
49 90 401 0
49 91 125 1
49 92 398 1
49 93 186 0
49 94 458 1
49 96 276 0
49 97 109 0
49 98 77 0
49 99 370 1
50 51 189 0
50 52 15 0
50 53 360 2
50 54 84 0
50 55 305 2
50 56 195 1
50 58 184 0
50 60 254 1
50 61 35 1
50 62 260 0
50 63 56 2
50 64 419 2
50 65 437 1
50 66 490 0
50 67 396 0
50 68 145 0
50 70 134 0
50 71 442 2
50 72 353 1
50 73 83 0
50 74 268 2
50 75 288 1
50 76 196 1
50 77 495 0
50 78 226 0
50 79 205 1
50 80 324 0
50 81 269 0
50 83 390 0
50 85 251 0
50 86 427 0
50 87 269 0
50 88 402 0
50 89 121 0
50 90 269 0
50 91 34 0
50 93 290 0
50 95 75 0
50 96 28 0
50 97 265 0
50 98 233 0
50 99 286 0
51 52 184 0
51 53 472 0
51 54 2 0
51 56 57 0
51 57 378 1
51 59 377 2
51 60 270 0
51 61 26 0
51 62 242 1
51 63 393 2
51 65 261 1
51 66 271 0
51 67 315 0
51 68 282 0
51 69 120 0
51 70 194 0
51 71 71 0
51 72 414 0
51 73 142 0
51 75 303 2
51 76 71 0
51 77 178 0
51 78 201 0
51 79 227 0
51 80 171 0
51 81 73 0
51 83 342 0
51 84 23 0
51 85 499 2
51 86 491 0
51 87 293 0
51 88 475 0
51 89 13 2
51 90 205 0
51 91 331 0
51 95 499 0
51 96 409 0
51 97 181 0
51 98 406 0
51 99 262 1
52 53 428 0
52 54 318 0
52 57 346 0
52 58 360 2
52 59 41 0
52 62 283 2
52 63 224 1
52 64 115 0
52 65 365 0
52 66 290 0
52 67 104 0
52 70 345 1
52 71 194 0
52 72 439 0
52 73 197 0
52 74 291 1
52 77 484 2
52 78 416 1
52 80 276 0
52 81 225 1
52 83 240 0
52 84 372 1
52 85 360 2
52 86 78 0
52 88 44 0
52 89 173 0
52 91 51 0
52 92 366 0
52 93 5 0
52 94 445 0
52 95 337 0
52 96 236 0
52 97 98 0
52 98 444 2
52 99 263 0
53 54 452 0
53 55 374 0
53 56 30 0
53 57 323 2
53 58 455 0
53 59 107 0
53 60 378 1
53 61 114 0
53 62 98 0
53 64 175 0
53 65 420 1
53 66 307 0
53 67 68 0
53 69 414 0
53 70 438 0
53 71 200 0
53 72 338 1
53 73 273 1
53 74 386 0
53 76 497 0
53 77 216 2
53 78 184 2
53 80 129 0
53 81 238 1
53 82 172 0
53 83 91 0
53 84 291 0
53 85 389 0
53 86 410 0
53 87 329 0
53 88 315 0
53 89 278 0
53 90 294 1
53 91 36 0
53 92 436 0
53 94 346 1
53 96 76 0
53 97 183 0
53 98 473 1
53 99 355 0
54 56 293 0
54 58 323 0
54 59 479 0
54 62 114 1
54 63 433 0
54 64 367 2
54 66 309 0
54 67 284 0
54 68 199 0
54 69 494 0
54 71 454 0
54 72 256 0
54 73 63 2
54 74 52 1
54 75 447 0
54 77 33 0
54 78 283 0
54 79 426 0
54 80 183 0
54 81 244 0
54 83 485 0
54 84 142 0
54 85 276 0
54 87 5 0
54 89 387 1
54 90 281 0
54 91 142 1
54 93 109 0
54 94 496 0
54 95 13 1
54 96 423 0
54 98 208 2
54 99 379 1
55 56 304 1
55 57 259 1
55 59 438 1
55 60 360 0
55 61 145 2
55 63 72 0
55 64 98 0
55 65 143 1
55 66 444 1
55 68 466 0
55 69 23 2
55 70 380 2
55 71 73 0
55 72 441 0
55 73 121 0
55 74 287 0
55 75 444 0
55 76 82 0
55 77 400 0
55 78 70 0
55 79 79 0
55 80 169 2
55 81 56 0
55 82 3 0
55 84 317 0
55 86 396 0
55 90 432 0
55 91 43 0
55 92 315 2
55 93 19 1
55 94 11 0
55 95 314 2
55 96 297 0
55 97 392 2
55 98 277 0
56 57 45 0
56 58 146 0
56 59 184 0
56 61 452 0
56 63 24 0
56 64 431 0
56 65 110 2
56 67 123 0
56 68 297 0
56 69 372 0
56 70 128 0
56 71 437 0
56 72 226 0
56 73 398 0
56 74 132 2
56 75 267 0
56 76 45 0
56 78 141 0
56 79 46 0
56 81 158 0
56 82 479 0
56 84 281 0
56 86 421 0
56 87 430 0
56 89 157 0
56 90 300 2
56 91 384 0
56 92 246 0
56 94 458 0
56 95 347 0
56 96 121 0
56 97 308 1
56 98 403 0
56 99 132 0
57 58 99 0
57 59 75 2
57 60 206 0
57 62 393 0
57 63 126 0
57 64 423 0
57 65 109 1
57 67 48 0
57 68 168 0
57 69 370 2
57 70 233 0
57 72 152 1
57 73 278 1
57 74 269 0
57 75 298 0
57 76 452 0
57 77 214 0
57 78 498 0
57 79 206 0
57 80 301 1
57 81 72 0
57 84 150 0
57 85 8 1
57 87 30 0
57 89 204 2
57 92 33 0
57 93 311 2
57 94 314 0
57 95 233 0
57 96 83 0
57 97 197 1
57 98 461 0
57 99 484 0
58 59 185 0
58 60 275 1
58 62 434 1
58 63 440 1
58 65 29 1
58 66 441 2
58 67 106 1
58 68 293 1
58 70 167 0
58 72 158 0
58 73 435 0
58 74 267 0
58 76 199 0
58 78 50 0
58 80 149 0
58 81 270 0
58 82 192 1
58 83 150 0
58 84 160 0
58 85 305 1
58 86 416 0
58 87 274 0
58 89 431 0
58 90 232 0
58 91 201 0
58 92 392 0
58 93 330 1
58 94 44 0
58 95 480 0
58 97 159 0
58 98 78 0
58 99 130 0
59 60 323 0
59 61 145 1
59 62 207 0
59 63 307 0
59 64 386 0
59 66 346 0
59 67 399 0
59 68 218 0
59 70 259 0
59 71 272 0
59 72 12 0
59 73 351 0
59 74 404 0
59 75 138 0
59 76 306 0
59 77 101 0
59 78 33 0
59 79 216 2
59 80 279 0
59 81 437 1
59 82 167 2
59 83 240 0
59 84 115 0
59 88 68 0
59 89 442 0
59 90 211 0
59 91 260 2
59 92 360 2
59 93 377 0
59 94 59 0
59 95 188 1
59 99 2 1
60 61 47 0
60 64 73 0
60 65 446 0
60 66 25 0
60 67 223 2
60 68 220 0
60 69 194 2
60 71 337 0
60 72 432 0
60 73 207 0
60 74 209 0
60 75 333 0
60 76 76 0
60 77 96 1
60 78 182 0
60 79 26 0
60 80 425 0
60 81 454 0
60 82 351 0
60 84 2 0
60 85 357 2
60 86 247 0
60 87 340 0
60 88 337 1
60 90 462 0
60 91 420 0
60 92 442 0
60 93 249 0
60 94 105 0
60 95 169 0
60 96 333 2
60 97 80 0
60 98 41 0
60 99 391 1
61 62 317 0
61 65 364 1
61 67 130 1
61 68 77 0
61 69 92 0
61 70 7 0
61 72 150 0
61 73 85 0
61 74 371 0
61 75 239 0
61 76 259 0
61 77 6 0
61 78 206 0
61 80 385 1
61 82 22 0
61 83 8 0
61 84 428 0
61 86 21 0
61 87 337 0
61 89 368 0
61 90 42 0
61 92 146 2
61 94 423 2
61 95 16 0
61 96 223 0
61 97 394 0
61 98 364 0
62 63 477 0
62 64 108 0
62 65 65 0
62 66 391 2
62 67 149 1
62 68 166 0
62 69 93 2
62 70 113 0
62 71 230 0
62 73 455 0
62 74 261 0
62 75 428 0
62 76 296 0
62 77 59 0
62 78 362 1
62 79 286 0
62 80 237 0
62 81 270 0
62 82 200 0
62 84 126 2
62 85 466 0
62 86 344 0
62 87 152 2
62 88 497 1
62 89 61 0
62 90 351 2
62 93 498 0
62 94 314 2
62 95 333 0
62 96 398 0
62 97 184 0
62 98 12 1
62 99 320 0
63 64 118 0
63 65 491 0
63 66 176 0
63 67 446 2
63 68 92 0
63 69 51 0
63 71 432 0
63 72 363 0
63 74 479 1
63 75 410 1
63 76 372 0
63 77 435 0
63 78 264 0
63 80 395 0
63 81 5 2
63 82 52 0
63 83 305 1
63 84 280 0
63 85 288 0
63 87 312 0
63 88 227 1
63 89 58 0
63 92 488 1
63 93 56 0
63 94 357 0
63 95 427 1
63 96 278 2
63 97 344 1
63 98 191 0
64 65 499 2
64 67 156 1
64 68 363 0
64 69 331 0
64 70 191 0
64 72 285 0
64 73 316 0
64 75 353 1
64 77 8 0
64 79 488 0
64 80 201 1
64 81 430 0
64 82 255 0
64 84 198 0
64 85 158 0
64 86 308 0
64 87 45 0
64 88 386 0
64 89 55 0
64 90 392 0
64 91 338 0
64 92 244 0
64 93 39 0
64 96 182 0
64 97 450 1
64 99 302 0
65 66 82 1
65 67 351 0
65 68 149 0
65 69 393 0
65 70 389 0
65 71 118 2
65 73 470 0
65 74 434 1
65 75 228 0
65 76 396 0
65 77 494 0
65 78 39 0
65 80 358 0
65 81 231 0
65 82 20 0
65 83 269 1
65 84 279 0
65 85 476 0
65 86 370 1
65 87 158 0
65 88 18 0
65 89 488 0
65 90 27 0
65 91 485 1
65 92 14 0
65 93 118 0
65 96 202 0
65 98 14 0
65 99 352 0
66 67 185 0
66 68 132 0
66 69 252 0
66 70 136 0
66 71 475 0
66 72 114 0
66 73 88 0
66 74 340 0
66 75 214 0
66 76 229 0
66 77 469 0
66 79 382 1
66 83 365 1
66 84 485 0
66 85 349 0
66 86 168 0
66 87 477 0
66 88 127 0
66 89 320 1
66 91 443 0
66 92 139 1
66 94 367 0
66 95 196 0
66 96 366 0
66 97 469 0
66 98 128 0
66 99 228 0
67 68 201 0
67 69 407 2
67 70 411 0
67 71 121 0
67 72 456 0
67 73 131 0
67 74 89 1
67 75 33 2
67 76 145 0
67 77 34 0
67 78 169 0
67 79 200 0
67 81 8 0
67 83 197 1
67 84 394 2
67 86 443 0
67 87 496 0
67 88 111 0
67 89 402 0
67 90 193 0
67 91 278 0
67 92 398 0
67 93 385 0
67 94 182 0
67 95 188 0
67 96 111 1
67 97 280 0
67 98 466 0
67 99 485 0
68 70 113 1
68 71 184 2
68 72 353 0
68 73 15 0
68 75 98 0
68 76 252 1
68 77 326 0
68 78 214 0
68 79 43 0
68 80 359 0
68 81 270 1
68 82 118 1
68 83 328 0
68 84 135 1
68 87 293 0
68 88 140 1
68 89 242 0
68 90 315 2
68 91 339 1
68 92 301 1
68 94 243 1
68 95 77 0
68 96 383 0
68 97 188 0
68 98 76 0
69 70 214 1
69 71 369 2
69 73 483 2
69 74 288 1
69 75 221 0
69 78 283 0
69 79 131 0
69 80 238 2
69 81 357 0
69 82 166 0
69 83 78 0
69 84 411 0
69 85 463 0
69 86 72 1
69 87 15 1
69 88 385 2
69 89 259 2
69 90 290 0
69 92 129 1
69 93 296 0
69 94 322 0
69 95 373 0
69 97 496 0
69 98 447 1
69 99 92 1
70 71 427 0
70 73 111 0
70 74 117 0
70 75 303 0
70 76 127 1
70 78 60 0
70 79 45 1
70 80 461 0
70 81 10 2
70 82 54 0
70 83 303 1
70 85 333 1
70 86 384 0
70 87 210 0
70 88 355 0
70 89 439 2
70 90 295 0
70 92 80 0
70 94 270 0
70 95 467 1
70 96 194 0
70 97 252 0
70 98 347 0
70 99 101 0
71 72 271 1
71 73 6 0
71 74 189 1
71 76 120 0
71 77 284 2
71 79 331 0
71 80 10 0
71 81 102 0
71 82 268 0
71 84 430 0
71 85 39 0
71 86 102 2
71 87 487 0
71 88 329 0
71 89 472 0
71 90 396 0
71 91 450 0
71 92 118 0
71 93 87 0
71 94 176 0
71 95 462 2
71 96 89 0
71 97 371 0
71 98 125 0
71 99 434 0
72 73 23 2
72 74 392 0
72 76 216 0
72 77 21 0
72 78 185 0
72 79 429 0
72 80 394 1
72 81 482 2
72 82 346 0
72 83 61 0
72 84 267 0
72 85 131 1
72 87 326 1
72 88 95 1
72 89 175 1
72 90 61 2
72 91 208 0
72 92 389 0
72 94 85 0
72 95 164 0
72 96 132 0
72 97 427 1
72 98 320 0
72 99 377 0
73 74 11 2
73 75 71 1
73 76 224 2
73 77 173 0
73 78 425 1
73 80 485 0
73 81 33 0
73 82 384 0
73 84 176 0
73 85 274 1
73 87 397 0
73 88 218 0
73 90 500 0
73 92 384 0
73 93 302 0
73 94 222 0
73 96 399 1
73 97 428 1
73 98 20 0
73 99 151 0
74 75 335 0
74 76 46 2
74 77 122 1
74 78 407 1
74 79 260 1
74 80 193 0
74 81 353 0
74 83 31 0
74 84 134 0
74 85 279 0
74 86 465 2
74 87 349 0
74 90 468 0
74 91 62 1
74 92 344 0
74 93 164 1
74 94 293 1
74 95 323 0
74 96 468 0
74 97 6 1
74 98 215 0
74 99 290 1
75 78 405 0
75 79 163 2
75 80 323 1
75 81 284 0
75 82 239 0
75 83 432 0
75 84 137 0
75 85 257 0
75 87 193 0
75 89 350 0
75 90 71 1
75 91 177 1
75 92 63 0
75 94 56 0
75 95 406 0
75 97 351 1
75 98 100 2
75 99 232 1
76 77 235 1
76 78 37 0
76 79 223 2
76 80 152 0
76 82 206 0
76 83 473 0
76 84 358 0
76 85 3 0
76 86 194 0
76 87 208 2
76 88 347 0
76 89 145 0
76 90 23 1
76 91 103 0
76 93 26 1
76 94 197 0
76 95 63 1
76 97 120 0
76 98 430 0
76 99 425 2
77 78 151 1
77 79 414 0
77 80 78 1
77 81 416 1
77 84 288 0
77 85 218 0
77 86 69 0
77 88 463 1
77 90 41 0
77 91 240 1
77 94 108 0
77 95 150 0
77 96 15 0
77 97 486 0
77 98 474 0
78 79 348 1
78 80 350 0
78 82 300 0
78 83 345 0
78 84 62 0
78 85 50 2
78 86 61 0
78 87 109 0
78 88 397 0
78 90 374 0
78 91 66 0
78 93 176 0
78 94 478 1
78 95 104 0
78 96 468 0
78 97 177 0
78 98 164 1
78 99 163 0
79 80 385 0
79 81 110 0
79 82 198 1
79 83 378 0
79 84 340 1
79 85 185 0
79 88 166 0
79 89 297 2
79 90 461 1
79 92 74 1
79 94 33 2
79 95 431 1
79 96 361 0
79 99 32 0
80 81 15 0
80 82 490 1
80 83 237 0
80 84 275 0
80 86 411 0
80 87 401 0
80 88 70 1
80 89 324 0
80 90 438 0
80 91 421 0
80 92 51 0
80 93 250 0
80 94 413 1
80 95 358 0
80 96 486 1
80 97 410 0
80 98 184 0
80 99 76 2
81 82 441 1
81 83 409 0
81 84 249 0
81 85 244 0
81 87 485 0
81 88 462 2
81 89 144 0
81 90 392 0
81 91 385 0
81 93 78 2
81 94 422 0
81 95 124 0
81 96 488 0
81 97 168 2
81 98 315 1
81 99 218 0
82 83 289 0
82 84 353 1
82 85 468 0
82 86 223 1
82 87 282 0
82 89 228 0
82 90 449 0
82 92 55 0
82 93 247 1
82 95 450 0
82 96 305 0
82 98 223 0
83 85 265 0
83 86 320 0
83 87 89 0
83 88 434 0
83 89 126 2
83 90 97 0
83 91 413 0
83 92 48 0
83 93 105 1
83 94 222 1
83 96 352 1
83 97 79 0
83 98 100 0
83 99 301 0
84 85 282 0
84 86 269 1
84 88 423 0
84 89 338 1
84 90 81 2
84 91 15 0
84 92 107 1
84 93 20 2
84 94 49 0
84 95 241 1
84 96 248 0
84 97 141 1
84 99 490 0
85 86 240 0
85 87 238 1
85 88 209 1
85 89 362 1
85 90 338 0
85 91 34 0
85 92 454 2
85 94 394 1
85 95 425 0
85 96 133 0
86 88 483 0
86 89 338 1
86 90 330 0
86 91 85 0
86 92 204 0
86 93 263 0
86 94 442 0
86 95 358 0
86 98 247 0
86 99 13 0
87 88 148 1
87 89 8 1
87 91 246 0
87 92 475 0
87 93 381 1
87 94 89 2
87 95 403 0
87 96 230 0
87 97 387 1
87 98 429 0
87 99 264 0
88 89 273 0
88 91 65 1
88 92 370 1
88 93 368 0
88 94 125 0
88 95 428 1
88 96 446 1
88 97 330 1
88 98 275 0
88 99 199 2
89 90 160 0
89 91 101 0
89 92 28 0
89 93 241 0
89 94 284 0
89 96 61 0
89 98 85 0
90 91 334 0
90 92 307 0
90 94 17 0
90 95 92 0
90 96 306 0
90 97 135 0
90 98 133 2
90 99 70 2
91 92 155 0
91 93 243 0
91 94 13 0
91 95 450 0
91 96 428 1
91 98 401 1
91 99 445 1
92 93 70 0
92 94 243 0
92 95 148 0
92 97 477 0
92 99 83 0
93 95 491 0
93 96 466 0
93 97 186 0
93 98 263 0
93 99 462 1
94 95 291 0
94 97 302 0
94 98 321 0
95 96 67 1
95 97 334 0
95 98 429 0
95 99 138 2
96 97 338 0
96 99 62 0
97 98 382 0
97 99 363 0
98 99 6 1
