10 1 0.3 5 3 2
2734 0.003
2734 0.0
2734 0.001
10 1 0.3 7 2 1
10351 0.005
10268 0.0
10279 0.001
10 1 0.5 5 3 2
23535 0.004
22066 0.0
23535 0.001
10 1 0.5 7 2 1
16445 0.004
12813 0.0
16443 0.001
10 1 0.7 5 3 2
22287 0.003
21597 0.0
21903 0.001
10 1 0.7 7 2 1
24514 0.004
23443 0.0
24514 0.001
10 2 0.3 5 3 2
1420 0.003
1420 0.0
1420 0.001
10 2 0.3 7 2 1
8183 0.004
5258 0.0
5560 0.001
10 2 0.5 5 3 2
8402 0.003
7788 0.0
8376 0.002
10 2 0.5 7 2 1
11248 0.003
11248 0.0
11248 0.002
10 2 0.7 5 3 2
24643 0.004
24643 0.0
24643 0.002
10 2 0.7 7 2 1
22332 0.006
20947 0.0
21118 0.002
10 3 0.3 5 3 2
591 0.004
591 0.0
591 0.001
10 3 0.3 7 2 1
6021 0.004
6021 0.0
6021 0.001
10 3 0.5 5 3 2
13254 0.003
13254 0.0
13254 0.001
10 3 0.5 7 2 1
21721 0.004
18499 0.0
18592 0.001
10 3 0.7 5 3 2
21686 0.004
16251 0.0
17057 0.002
10 3 0.7 7 2 1
29384 0.004
23273 0.0
25962 0.002
10 5 0.3 5 3 2
6742 0.003
6742 0.0
6742 0.002
10 5 0.3 7 2 1
9195 0.004
9195 0.0
9195 0.002
10 5 0.5 5 3 2
12006 0.004
12006 0.0
12006 0.002
10 5 0.5 7 2 1
13215 0.004
13215 0.0
13215 0.003
10 5 0.7 5 3 2
8570 0.005
8138 0.0
8570 0.002
10 5 0.7 7 2 1
13838 0.007
10810 0.0
10828 0.002
20 1 0.3 5 3 2
9526 0.006
9526 0.0
9526 0.003
20 1 0.3 7 2 1
13224 0.011
13224 0.001
13224 0.003
20 1 0.5 5 3 2
12300 0.007
11229 0.0
12300 0.003
20 1 0.5 7 2 1
26868 0.008
21971 0.0
26868 0.003
20 1 0.7 5 3 2
25120 0.008
15972 0.0
25120 0.006
20 1 0.7 7 2 1
40656 0.008
25656 0.0
37890 0.005
20 2 0.3 5 3 2
4937 0.007
4937 0.0
4937 0.003
20 2 0.3 7 2 1
2375 0.006
2375 0.0
2375 0.003
20 2 0.5 5 3 2
11116 0.009
11116 0.0
11116 0.004
20 2 0.5 7 2 1
13610 0.008
13610 0.0
13610 0.003
20 2 0.7 5 3 2
22334 0.011
19283 0.0
20869 0.005
20 2 0.7 7 2 1
18225 0.011
13819 0.0
16873 0.004
20 3 0.3 5 3 2
280 0.008
280 0.001
280 0.003
20 3 0.3 7 2 1
14046 0.008
14046 0.0
14046 0.003
20 3 0.5 5 3 2
3759 0.009
3759 0.0
3759 0.003
20 3 0.5 7 2 1
17124 0.01
14475 0.0
17124 0.004
20 3 0.7 5 3 2
14902 0.012
14902 0.0
14902 0.005
20 3 0.7 7 2 1
42836 0.012
34276 0.001
39247 0.005
20 5 0.3 5 3 2
8824 0.009
8824 0.0
8824 0.004
20 5 0.3 7 2 1
13949 0.009
13949 0.0
13949 0.004
20 5 0.5 5 3 2
7923 0.014
7923 0.001
7923 0.005
20 5 0.5 7 2 1
13556 0.013
13556 0.001
13556 0.005
20 5 0.7 5 3 2
21137 0.015
16688 0.0
17637 0.007
20 5 0.7 7 2 1
25821 0.016
18625 0.0
21569 0.007
30 1 0.3 5 3 2
20318 0.014
15304 0.0
20318 0.007
30 1 0.3 7 2 1
5189 0.015
5189 0.001
5189 0.006
30 1 0.5 5 3 2
54321 0.014
33796 0.001
53208 0.007
30 1 0.5 7 2 1
37283 0.016
26873 0.001
34775 0.007
30 1 0.7 5 3 2
102190 0.016
54974 0.0
93098 0.01
30 1 0.7 7 2 1
77203 0.027
46330 0.001
71981 0.009
30 2 0.3 5 3 2
16325 0.023
12716 0.001
13449 0.006
30 2 0.3 7 2 1
17700 0.015
12431 0.001
15641 0.006
30 2 0.5 5 3 2
40690 0.018
27830 0.001
36353 0.008
30 2 0.5 7 2 1
44496 0.028
25013 0.0
36671 0.009
30 2 0.7 5 3 2
52907 0.027
36687 0.0
44702 0.011
30 2 0.7 7 2 1
76420 0.024
46412 0.0
66567 0.011
30 3 0.3 5 3 2
16979 0.019
10737 0.001
12580 0.01
30 3 0.3 7 2 1
17943 0.02
12774 0.001
16039 0.01
30 3 0.5 5 3 2
35925 0.025
25894 0.0
29464 0.011
30 3 0.5 7 2 1
54934 0.028
32070 0.001
42441 0.011
30 3 0.7 5 3 2
76107 0.026
43778 0.0
60318 0.014
30 3 0.7 7 2 1
77880 0.03
44259 0.0
65010 0.013
30 5 0.3 5 3 2
5144 0.024
5144 0.001
5144 0.01
30 5 0.3 7 2 1
13859 0.022
10571 0.0
10987 0.01
30 5 0.5 5 3 2
27360 0.03
20898 0.001
23951 0.015
30 5 0.5 7 2 1
47896 0.03
32221 0.001
40249 0.014
30 5 0.7 5 3 2
60953 0.036
38890 0.0
49121 0.025
30 5 0.7 7 2 1
60081 0.039
36269 0.001
48270 0.023
40 1 0.3 5 3 2
42451 0.028
26556 0.0
41249 0.013
40 1 0.3 7 2 1
37100 0.03
36201 0.0
37100 0.009
40 1 0.5 5 3 2
70708 0.031
38312 0.0
65877 0.012
40 1 0.5 7 2 1
88733 0.027
57924 0.001
85490 0.013
40 1 0.7 5 3 2
94474 0.027
74105 0.0
91675 0.014
40 1 0.7 7 2 1
148025 0.04
90101 0.001
128235 0.014
40 2 0.3 5 3 2
31833 0.027
23383 0.0
28717 0.012
40 2 0.3 7 2 1
24460 0.025
18258 0.001
24230 0.016
40 2 0.5 5 3 2
62063 0.033
46634 0.001
56085 0.021
40 2 0.5 7 2 1
83712 0.035
52840 0.0
68250 0.017
40 2 0.7 5 3 2
94716 0.036
67411 0.0
80006 0.015
40 2 0.7 7 2 1
130892 0.037
79402 0.001
100667 0.019
40 3 0.3 5 3 2
42893 0.03
31471 0.001
38479 0.018
40 3 0.3 7 2 1
37228 0.044
33272 0.0
35188 0.014
40 3 0.5 5 3 2
69397 0.053
61090 0.0
64410 0.019
40 3 0.5 7 2 1
73123 0.04
42182 0.001
53010 0.019
40 3 0.7 5 3 2
83024 0.048
62063 0.001
65225 0.02
40 3 0.7 7 2 1
126637 0.046
85908 0.001
105120 0.023
40 5 0.3 5 3 2
38199 0.038
28766 0.002
31577 0.03
40 5 0.3 7 2 1
45968 0.037
35465 0.001
37252 0.022
40 5 0.5 5 3 2
64735 0.05
50693 0.001
55142 0.044
40 5 0.5 7 2 1
80212 0.057
53468 0.001
61179 0.035
40 5 0.7 5 3 2
114493 0.0672
75031 0.001
84663 0.041
40 5 0.7 7 2 1
134654 0.109
93877 0.001
103554 0.039
50 1 0.3 5 3 2
44723 0.034
31890 0.001
41043 0.013
50 1 0.3 7 2 1
32661 0.037
21658 0.001
31141 0.019
50 1 0.5 5 3 2
89765 0.044
55831 0.0
86143 0.017
50 1 0.5 7 2 1
93056 0.044
68588 0.001
87834 0.023
50 1 0.7 5 3 2
112747 0.045
74725 0.001
104164 0.022
50 1 0.7 7 2 1
136128 0.046
80356 0.001
130588 0.024
50 2 0.3 5 3 2
48574 0.051
26714 0.001
43225 0.02
50 2 0.3 7 2 1
69890 0.04
46272 0.001
62269 0.023
50 2 0.5 5 3 2
102260 0.063
65137 0.001
80776 0.024
50 2 0.5 7 2 1
101412 0.055
83249 0.001
92476 0.027
50 2 0.7 5 3 2
132253 0.062
88102 0.001
121237 0.031
50 2 0.7 7 2 1
144992 0.065
95491 0.002
130037 0.029
50 3 0.3 5 3 2
46646 0.05
33535 0.001
40524 0.022
50 3 0.3 7 2 1
52017 0.055
26954 0.001
41577 0.03
50 3 0.5 5 3 2
96228 0.069
68917 0.001
78460 0.033
50 3 0.5 7 2 1
99436 0.089
69938 0.002
86687 0.037
50 3 0.7 5 3 2
121015 0.102
80916 0.003
103509 0.045
50 3 0.7 7 2 1
128899 0.118
77029 0.002
102551 0.047
50 5 0.3 5 3 2
36848 0.065
23573 0.002
28045 0.044
50 5 0.3 7 2 1
60879 0.068
31010 0.003
42685 0.055
50 5 0.5 5 3 2
79004 0.114
47861 0.003
60716 0.074
50 5 0.5 7 2 1
132908 0.121
89446 0.003
102792 0.072
50 5 0.7 5 3 2
127585 0.131
70362 0.003
88925 0.071
50 5 0.7 7 2 1
168374 0.133
103111 0.003
121136 0.082
75 1 0.3 5 3 2
39131 0.089
20192 0.001
35596 0.038
75 1 0.3 7 2 1
29144 0.098
19864 0.001
29143 0.039
75 1 0.5 5 3 2
86199 0.1051
59628 0.001
79946 0.04
75 1 0.5 7 2 1
118010 0.106
70153 0.001
116664 0.04
75 1 0.7 5 3 2
195647 0.1171
116785 0.002
183392 0.054
75 1 0.7 7 2 1
221582 0.113
120180 0.002
212288 0.063
75 2 0.3 5 3 2
27849 0.109
15313 0.001
24445 0.037
75 2 0.3 7 2 1
38474 0.106
22067 0.001
36321 0.05
75 2 0.5 5 3 2
94292 0.122
62258 0.002
81235 0.066
75 2 0.5 7 2 1
100012 0.13
61114 0.002
83873 0.056
75 2 0.7 5 3 2
196841 0.144
101204 0.003
167795 0.08
75 2 0.7 7 2 1
187369 0.178
114002 0.003
157627 0.06
75 3 0.3 5 3 2
44341 0.119
24548 0.002
30286 0.059
75 3 0.3 7 2 1
40282 0.135
23349 0.002
34407 0.066
75 3 0.5 5 3 2
107956 0.1661
58541 0.002
82209 0.081
75 3 0.5 7 2 1
119296 0.17
66949 0.003
99610 0.079
75 3 0.7 5 3 2
189865 0.177
117420 0.004
151282 0.093
75 3 0.7 7 2 1
223896 0.194
125714 0.004
168451 0.114
75 5 0.3 5 3 2
34496 0.1454
24783 0.003
27914 0.121
75 5 0.3 7 2 1
54283 0.152
30370 0.003
41788 0.106
75 5 0.5 5 3 2
91872 0.221
57237 0.005
68393 0.158
75 5 0.5 7 2 1
100276 0.237
62054 0.004
77662 0.135
75 5 0.7 5 3 2
198058 0.276
125060 0.005
155101 0.179
75 5 0.7 7 2 1
188954 0.319
106517 0.008
130924 0.186
100 1 0.3 5 3 2
130900 0.165
80144 0.002
120827 0.059
100 1 0.3 7 2 1
133072 0.159
90971 0.002
119880 0.054
100 1 0.5 5 3 2
183095 0.176
114506 0.003
180367 0.084
100 1 0.5 7 2 1
184200 0.1785
107282 0.003
179347 0.092
100 1 0.7 5 3 2
275285 0.248
135297 0.003
250089 0.105
100 1 0.7 7 2 1
308376 0.2385
157707 0.005
291361 0.107
100 2 0.3 5 3 2
123948 0.19
71952 0.005
109884 0.072
100 2 0.3 7 2 1
134355 0.243
85309 0.003
111249 0.07
100 2 0.5 5 3 2
169029 0.258
118518 0.003
149608 0.098
100 2 0.5 7 2 1
192124 0.27
110821 0.006
171191 0.121
100 2 0.7 5 3 2
246195 0.295
129815 0.005
207894 0.116
100 2 0.7 7 2 1
320671 0.32
166547 0.005
251905 0.121
100 3 0.3 5 3 2
108470 0.251
81369 0.004
91250 0.121
100 3 0.3 7 2 1
134557 0.247
73074 0.004
85357 0.113
100 3 0.5 5 3 2
191030 0.299
106404 0.005
154151 0.137
100 3 0.5 7 2 1
188242 0.3086
115751 0.007
154955 0.154
100 3 0.7 5 3 2
294271 0.3343
163896 0.008
223175 0.211
100 3 0.7 7 2 1
305273 0.4542
169393 0.007
227361 0.226
100 5 0.3 5 3 2
110791 0.304
65650 0.006
74647 0.197
100 5 0.3 7 2 1
151221 0.33
88781 0.007
105513 0.208
100 5 0.5 5 3 2
173575 0.467
90416 0.009
114843 0.251
100 5 0.5 7 2 1
219925 0.538
116533 0.01
149409 0.272
100 5 0.7 5 3 2
256788 0.5653
141259 0.009
182002 0.354
100 5 0.7 7 2 1
297265 0.707
173360 0.01
216464 0.395
125 1 0.3 5 3 2
133317 0.265
71454 0.003
131888 0.11
125 1 0.3 7 2 1
150037 0.299
85579 0.003
147725 0.132
125 1 0.5 5 3 2
262352 0.3
141051 0.004
252511 0.205
125 1 0.5 7 2 1
258766 0.305
149327 0.004
258766 0.185
125 1 0.7 5 3 2
359100 0.327
189634 0.006
349909 0.182
125 1 0.7 7 2 1
404682 0.3457
215116 0.007
391701 0.213
125 2 0.3 5 3 2
133277 0.299
67298 0.004
116160 0.146
125 2 0.3 7 2 1
140614 0.3262
81055 0.004
129621 0.166
125 2 0.5 5 3 2
247832 0.425
136023 0.005
196864 0.18
125 2 0.5 7 2 1
261984 0.454
139350 0.007
233977 0.253
125 2 0.7 5 3 2
362671 0.4997
198705 0.008
293932 0.244
125 2 0.7 7 2 1
352540 0.5295
209674 0.008
347822 0.291
125 3 0.3 5 3 2
118063 0.395
65147 0.005
100332 0.21
125 3 0.3 7 2 1
111295 0.445
68010 0.005
98465 0.241
125 3 0.5 5 3 2
228443 0.5058
123012 0.009
182740 0.329
125 3 0.5 7 2 1
241730 0.549
139562 0.007
198238 0.312
125 3 0.7 5 3 2
342793 0.7057
187820 0.011
265438 0.383
125 3 0.7 7 2 1
354455 0.7504
185968 0.013
288003 0.492
125 5 0.3 5 3 2
130313 0.486
80675 0.01
103966 0.481
125 5 0.3 7 2 1
94993 0.608
72767 0.011
86872 0.527
125 5 0.5 5 3 2
228201 0.7651
128869 0.012
161287 0.596
125 5 0.5 7 2 1
193828 0.7273
121865 0.014
178186 0.862
125 5 0.7 5 3 2
344804 1.0111
174649 0.016
228696 0.623
125 5 0.7 7 2 1
352281 1.0615
207243 0.018
270028 0.85
150 1 0.3 5 3 2
95530 0.4113
60552 0.003
94714 0.117
150 1 0.3 7 2 1
148925 0.406
95896 0.004
148925 0.165
150 1 0.5 5 3 2
226045 0.448
127759 0.006
219976 0.223
150 1 0.5 7 2 1
311717 0.486
171420 0.006
292474 0.251
150 1 0.7 5 3 2
373440 0.5386
201656 0.009
351844 0.283
150 1 0.7 7 2 1
470001 0.6501
267934 0.013
452173 0.283
150 2 0.3 5 3 2
124439 0.4891
64296 0.005
103072 0.242
150 2 0.3 7 2 1
117201 0.5181
68427 0.01
114365 0.29
150 2 0.5 5 3 2
283869 0.6603
156266 0.008
250060 0.336
150 2 0.5 7 2 1
276404 0.6981
159303 0.008
243822 0.381
150 2 0.7 5 3 2
433539 0.8702
231148 0.012
355084 0.329
150 2 0.7 7 2 1
428062 0.8891
232325 0.013
355932 0.389
150 3 0.3 5 3 2
90742 0.587
52654 0.006
79450 0.312
150 3 0.3 7 2 1
135503 0.6267
68026 0.007
115407 0.296
150 3 0.5 5 3 2
252192 0.8081
145668 0.01
190408 0.441
150 3 0.5 7 2 1
295181 0.8832
171941 0.013
244196 0.442
150 3 0.7 5 3 2
399448 0.9271
222851 0.015
285815 0.443
150 3 0.7 7 2 1
440380 1.2613
235674 0.018
325128 0.754
150 5 0.3 5 3 2
131284 0.8561
76946 0.013
106949 0.585
150 5 0.3 7 2 1
123874 0.8816
74212 0.013
90906 0.573
150 5 0.5 5 3 2
291545 1.2381
157039 0.018
210621 0.856
150 5 0.5 7 2 1
285111 1.3442
148643 0.017
183514 0.783
150 5 0.7 5 3 2
426062 1.5768
235741 0.024
281854 0.858
150 5 0.7 7 2 1
409530 1.667
220272 0.035
268180 0.899
175 1 0.3 5 3 2
187937 0.557
109683 0.005
186129 0.195
175 1 0.3 7 2 1
214354 0.583
127565 0.005
210746 0.211
175 1 0.5 5 3 2
291469 0.6231
179672 0.008
270635 0.24
175 1 0.5 7 2 1
338362 0.7648
211794 0.012
315161 0.25
175 1 0.7 5 3 2
422844 0.8144
254851 0.013
369775 0.301
175 1 0.7 7 2 1
490488 0.8671
282052 0.015
437545 0.298
175 2 0.3 5 3 2
190554 0.7722
106556 0.007
168785 0.266
175 2 0.3 7 2 1
205682 0.8005
123078 0.01
185627 0.26
175 2 0.5 5 3 2
304796 0.8768
176080 0.012
246391 0.32
175 2 0.5 7 2 1
357992 0.9352
201953 0.014
291199 0.378
175 2 0.7 5 3 2
417193 1.1193
239809 0.018
346731 0.391
175 2 0.7 7 2 1
513034 1.1269
277528 0.023
431972 0.417
175 3 0.3 5 3 2
208578 0.8818
113138 0.01
155851 0.366
175 3 0.3 7 2 1
206196 0.9018
126120 0.011
183745 0.463
175 3 0.5 5 3 2
336703 1.1707
176307 0.017
247304 0.571
175 3 0.5 7 2 1
366526 1.2251
194652 0.017
253012 0.556
175 3 0.7 5 3 2
493388 1.4811
261720 0.024
343837 0.618
175 3 0.7 7 2 1
538141 1.5392
275811 0.025
392005 0.633
175 5 0.3 5 3 2
207130 1.2113
108161 0.017
129038 0.752
175 5 0.3 7 2 1
189436 1.2193
112552 0.017
137285 0.744
175 5 0.5 5 3 2
318534 1.718
179725 0.024
216316 1.0
175 5 0.5 7 2 1
336836 1.9874
166900 0.025
218532 1.178
175 5 0.7 5 3 2
406336 2.1335
234292 0.035
278241 1.137
175 5 0.7 7 2 1
467609 2.5914
256430 0.042
298744 1.339
200 1 0.3 5 3 2
188982 0.85
106946 0.006
187735 0.307
200 1 0.3 7 2 1
174021 0.859
102475 0.007
173026 0.312
200 1 0.5 5 3 2
380035 1.0871
204755 0.013
346446 0.413
200 1 0.5 7 2 1
402273 1.1602
213163 0.016
393151 0.519
200 1 0.7 5 3 2
570169 1.2529
317472 0.035
521329 0.584
200 1 0.7 7 2 1
593059 1.2647
306752 0.028
553829 0.502
200 2 0.3 5 3 2
176543 1.1266
93923 0.016
147515 0.431
200 2 0.3 7 2 1
162910 1.1335
81381 0.031
151108 0.52
200 2 0.5 5 3 2
369785 1.3643
199174 0.017
299523 0.5
200 2 0.5 7 2 1
353554 1.4092
184433 0.017
303117 0.601
200 2 0.7 5 3 2
557109 1.5242
308119 0.027
472468 0.731
200 2 0.7 7 2 1
582489 1.5328
314923 0.027
490071 0.696
200 3 0.3 5 3 2
182171 1.133
102660 0.013
153540 0.738
200 3 0.3 7 2 1
209052 1.3519
112291 0.015
157080 0.563
200 3 0.5 5 3 2
360221 1.5105
215090 0.023
281102 0.851
200 3 0.5 7 2 1
382987 1.7859
211070 0.024
282782 0.77
200 3 0.7 5 3 2
528112 1.9384
276127 0.037
401048 0.98
200 3 0.7 7 2 1
550086 1.968
288130 0.04
413098 1.095
200 5 0.3 5 3 2
161847 1.5105
88826 0.022
115673 0.948
200 5 0.3 7 2 1
210878 1.8296
119163 0.024
149144 1.093
200 5 0.5 5 3 2
300890 2.2962
172505 0.03
217541 1.534
200 5 0.5 7 2 1
366468 2.565
203067 0.035
244426 1.583
200 5 0.7 5 3 2
465260 2.9272
264726 0.041
321467 1.687
200 5 0.7 7 2 1
520029 3.2155
275211 0.056
348493 1.859
225 1 0.3 5 3 2
214874 1.0543
114441 0.009
203651 0.381
225 1 0.3 7 2 1
272839 1.0581
146486 0.01
269298 0.391
225 1 0.5 5 3 2
424640 1.3042
224576 0.015
409420 0.606
225 1 0.5 7 2 1
435099 1.3357
248584 0.021
402704 0.513
225 1 0.7 5 3 2
577383 1.3717
334516 0.032
545580 0.518
225 1 0.7 7 2 1
626051 1.4676
363501 0.036
585001 0.708
225 2 0.3 5 3 2
220804 1.313
112510 0.013
181405 0.478
225 2 0.3 7 2 1
271820 1.3916
154126 0.019
244824 0.515
225 2 0.5 5 3 2
374046 1.7582
193951 0.029
289247 0.608
225 2 0.5 7 2 1
432789 1.8287
252495 0.027
360433 0.771
225 2 0.7 5 3 2
520695 1.9069
307991 0.041
457207 0.905
225 2 0.7 7 2 1
578292 2.2323
327322 0.046
494732 1.179
225 3 0.3 5 3 2
192306 1.4406
106064 0.019
156165 0.848
225 3 0.3 7 2 1
240051 1.7341
143869 0.019
209598 0.923
225 3 0.5 5 3 2
352623 2.2772
170274 0.029
261335 1.013
225 3 0.5 7 2 1
427252 2.378
225727 0.04
319329 1.477
225 3 0.7 5 3 2
476318 2.4894
301924 0.047
362398 1.086
225 3 0.7 7 2 1
614845 3.025
346594 0.06
448580 1.347
225 5 0.3 5 3 2
213143 2.2296
124798 0.029
150665 1.309
225 5 0.3 7 2 1
247468 2.3824
138629 0.032
166751 1.412
225 5 0.5 5 3 2
382560 2.9169
195722 0.048
263188 1.695
225 5 0.5 7 2 1
402239 3.1255
235347 0.051
288603 1.998
225 5 0.7 5 3 2
540540 3.7832
318628 0.079
387513 2.596
225 5 0.7 7 2 1
551915 3.9101
320529 0.084
387657 2.623
250 1 0.3 5 3 2
247748 1.3205
149169 0.013
237103 0.381
250 1 0.3 7 2 1
300229 1.3417
186899 0.013
292083 0.495
250 1 0.5 5 3 2
426601 1.6053
253960 0.021
409941 0.637
250 1 0.5 7 2 1
503331 1.7391
282920 0.026
473998 0.589
250 1 0.7 5 3 2
683772 1.8162
364180 0.039
637372 0.706
250 1 0.7 7 2 1
733614 1.8545
382866 0.046
679686 0.851
250 2 0.3 5 3 2
268168 2.0089
146025 0.022
221251 0.999
250 2 0.3 7 2 1
315475 1.9731
196484 0.019
271924 0.843
250 2 0.5 5 3 2
421743 2.4749
256314 0.048
357125 1.006
250 2 0.5 7 2 1
517932 2.4323
285813 0.039
452628 1.391
250 2 0.7 5 3 2
640872 2.7186
376022 0.07
517074 1.383
250 2 0.7 7 2 1
770126 3.204
425659 0.09
642754 1.685
250 3 0.3 5 3 2
267652 2.3953
165732 0.025
226374 1.15
250 3 0.3 7 2 1
261122 2.4982
163666 0.027
214837 1.174
250 3 0.5 5 3 2
489542 3.4851
268926 0.055
365926 1.936
250 3 0.5 7 2 1
438890 3.5063
240020 0.051
362596 2.874
250 3 0.7 5 3 2
732528 4.0446
411517 0.09
534295 1.861
250 3 0.7 7 2 1
737189 4.1324
417150 0.107
568318 2.085
250 5 0.3 5 3 2
230293 3.324
124132 0.045
167491 2.135
250 5 0.3 7 2 1
283832 3.456
157041 0.063
202049 2.464
250 5 0.5 5 3 2
408557 4.2599
254174 0.085
301802 2.717
250 5 0.5 7 2 1
487051 4.6306
256863 0.103
351480 3.395
250 5 0.7 5 3 2
611368 5.004
355203 0.118
424262 3.106
250 5 0.7 7 2 1
748311 6.6736
402751 0.213
491466 3.837
275 1 0.3 5 3 2
232310 1.903
123816 0.012
219384 0.609
275 1 0.3 7 2 1
290157 1.936
170415 0.016
266298 0.737
275 1 0.5 5 3 2
459327 2.2736
237909 0.036
422186 0.914
275 1 0.5 7 2 1
512294 2.39
254539 0.039
478442 0.934
275 1 0.7 5 3 2
688485 2.493
393684 0.057
629453 1.249
275 1 0.7 7 2 1
802618 2.511
415729 0.083
749848 1.487
275 2 0.3 5 3 2
270526 2.3515
147486 0.022
240194 1.294
275 2 0.3 7 2 1
274165 2.394
144373 0.026
227501 1.35
275 2 0.5 5 3 2
462081 3.054
268010 0.063
388751 1.149
275 2 0.5 7 2 1
501012 3.011
273600 0.056
402989 1.296
275 2 0.7 5 3 2
723616 3.654
418697 0.122
602554 1.683
275 2 0.7 7 2 1
816673 3.941
429223 0.088
683126 2.289
275 3 0.3 5 3 2
227953 2.8325
140574 0.029
192907 1.281
275 3 0.3 7 2 1
261733 3.0166
151636 0.035
209449 1.517
275 3 0.5 5 3 2
441527 3.6338
240303 0.051
350229 2.041
275 3 0.5 7 2 1
451453 3.92
236018 0.076
338847 2.474
275 3 0.7 5 3 2
744874 4.6933
411128 0.093
552805 1.771
275 3 0.7 7 2 1
792630 4.7904
414289 0.117
573968 2.602
275 5 0.3 5 3 2
264656 3.9517
135199 0.061
185767 3.402
275 5 0.3 7 2 1
245499 3.7453
140645 0.052
171972 4.29
275 5 0.5 5 3 2
481081 5.3318
253801 0.124
300724 2.63
275 5 0.5 7 2 1
473524 6.2421
248366 0.113
322428 3.619
275 5 0.7 5 3 2
750732 7.4751
386060 0.251
463877 4.55
275 5 0.7 7 2 1
738481 7.8437
450811 0.406
521343 5.937
300 1 0.3 5 3 2
333839 2.3725
187898 0.019
309486 1.157
300 1 0.3 7 2 1
322381 2.9052
173742 0.022
287961 0.944
300 1 0.5 5 3 2
582745 3.1378
313141 0.091
544343 1.465
300 1 0.5 7 2 1
619266 3.1779
318780 0.055
572545 1.053
300 1 0.7 5 3 2
896440 3.3116
451855 0.11
771153 1.459
300 1 0.7 7 2 1
927634 3.2649
501250 0.143
881344 1.404
300 2 0.3 5 3 2
321514 2.9203
163592 0.031
277439 1.723
300 2 0.3 7 2 1
312845 2.742
158068 0.03
269524 1.706
300 2 0.5 5 3 2
617968 3.7972
326375 0.092
482258 1.544
300 2 0.5 7 2 1
601140 3.8148
302824 0.079
488510 2.932
300 2 0.7 5 3 2
881144 4.1963
492648 0.238
707816 1.874
300 2 0.7 7 2 1
935787 4.8131
497780 0.213
783801 2.472
300 3 0.3 5 3 2
302051 3.6451
157751 0.045
227318 1.891
300 3 0.3 7 2 1
334342 3.7041
194209 0.053
259855 2.523
300 3 0.5 5 3 2
537992 4.791
267034 0.146
379261 2.007
300 3 0.5 7 2 1
633578 4.949
334015 0.165
468223 3.039
300 3 0.7 5 3 2
784105 5.786
448821 0.314
567755 3.042
300 3 0.7 7 2 1
965183 6.5266
504310 0.395
725667 3.501
300 5 0.3 5 3 2
315046 4.443
164390 0.057
224716 2.964
300 5 0.3 7 2 1
335337 4.4762
190773 0.072
240175 4.2
300 5 0.5 5 3 2
521337 5.7523
280720 0.18
357666 4.395
300 5 0.5 7 2 1
596284 7.3167
306947 0.202
383458 4.514
300 5 0.7 5 3 2
822944 7.0518
453961 0.283
544650 4.401
300 5 0.7 7 2 1
895679 8.369
463754 0.387
595579 5.302
