10 1 0.3 5 3 2
2734 0.004
2734 0.0
2734 0.002
10 1 0.3 7 2 1
10351 0.004
10268 0.0
10268 0.002
10 1 0.5 5 3 2
23535 0.005
22066 0.0
23535 0.002
10 1 0.5 7 2 1
16445 0.005
12813 0.0
13457 0.002
10 1 0.7 5 3 2
22287 0.005
21597 0.0
21903 0.003
10 1 0.7 7 2 1
24514 0.006
23443 0.001
23870 0.002
10 2 0.3 5 3 2
1420 0.007
1420 0.0
1420 0.002
10 2 0.3 7 2 1
8183 0.006
5258 0.0
5730 0.003
10 2 0.5 5 3 2
8402 0.0066
7788 0.0
8309 0.003
10 2 0.5 7 2 1
11248 0.005
11248 0.0
11248 0.003
10 2 0.7 5 3 2
24643 0.0045
24643 0.0
24643 0.003
10 2 0.7 7 2 1
22332 0.005
20947 0.0
21394 0.003
10 3 0.3 5 3 2
591 0.006
591 0.0
591 0.002
10 3 0.3 7 2 1
6021 0.009
6021 0.0
6021 0.002
10 3 0.5 5 3 2
13254 0.006
13254 0.0
13254 0.002
10 3 0.5 7 2 1
21721 0.003
18499 0.0
21004 0.003
10 3 0.7 5 3 2
21686 0.007
16251 0.0
17707 0.002
10 3 0.7 7 2 1
29384 0.004
23273 0.0
24830 0.002
10 5 0.3 5 3 2
6742 0.003
6742 0.0
6742 0.003
10 5 0.3 7 2 1
9195 0.003
9195 0.0
9195 0.002
10 5 0.5 5 3 2
12006 0.006
12006 0.0
12006 0.004
10 5 0.5 7 2 1
13215 0.009
13215 0.0
13215 0.003
10 5 0.7 5 3 2
8570 0.007
8138 0.001
8570 0.005
10 5 0.7 7 2 1
13838 0.007
10810 0.0
11131 0.004
20 1 0.3 5 3 2
9526 0.01
9526 0.001
9526 0.005
20 1 0.3 7 2 1
13224 0.008
13224 0.0
13224 0.006
20 1 0.5 5 3 2
12300 0.009
11229 0.0
12300 0.005
20 1 0.5 7 2 1
26868 0.009
21971 0.0
26106 0.006
20 1 0.7 5 3 2
25120 0.01
15972 0.001
22715 0.01
20 1 0.7 7 2 1
40656 0.011
25656 0.001
37911 0.008
20 2 0.3 5 3 2
4937 0.007
4937 0.0
4937 0.004
20 2 0.3 7 2 1
2375 0.007
2375 0.0
2375 0.005
20 2 0.5 5 3 2
11116 0.008
11116 0.0
11116 0.006
20 2 0.5 7 2 1
13610 0.015
13610 0.001
13610 0.008
20 2 0.7 5 3 2
22334 0.009
19283 0.0
20860 0.008
20 2 0.7 7 2 1
18225 0.015
13819 0.0
16718 0.006
20 3 0.3 5 3 2
280 0.009
280 0.001
280 0.006
20 3 0.3 7 2 1
14046 0.011
14046 0.001
14046 0.009
20 3 0.5 5 3 2
3759 0.012
3759 0.0
3759 0.006
20 3 0.5 7 2 1
17124 0.0142
14475 0.001
17124 0.007
20 3 0.7 5 3 2
14902 0.016
14902 0.0
14902 0.008
20 3 0.7 7 2 1
42836 0.013
34276 0.001
37347 0.007
20 5 0.3 5 3 2
8824 0.014
8824 0.001
8824 0.007
20 5 0.3 7 2 1
13949 0.012
13949 0.0
13949 0.006
20 5 0.5 5 3 2
7923 0.0134
7923 0.001
7923 0.007
20 5 0.5 7 2 1
13556 0.014
13556 0.0
13556 0.008
20 5 0.7 5 3 2
21137 0.015
16688 0.0
16798 0.009
20 5 0.7 7 2 1
25821 0.02
18625 0.001
21700 0.01
30 1 0.3 5 3 2
20318 0.013
15304 0.0
20318 0.008
30 1 0.3 7 2 1
5189 0.014
5189 0.0
5189 0.009
30 1 0.5 5 3 2
54321 0.014
33796 0.0
54319 0.011
30 1 0.5 7 2 1
37283 0.017
26873 0.001
37208 0.009
30 1 0.7 5 3 2
102190 0.016
54974 0.001
94722 0.018
30 1 0.7 7 2 1
77203 0.058
46330 0.001
73745 0.03
30 2 0.3 5 3 2
16325 0.0424
12716 0.001
13657 0.007
30 2 0.3 7 2 1
17700 0.031
12431 0.001
14057 0.007
30 2 0.5 5 3 2
40690 0.0204
27830 0.0
34775 0.012
30 2 0.5 7 2 1
44496 0.018
25013 0.001
39222 0.014
30 2 0.7 5 3 2
52907 0.022
36687 0.001
46889 0.013
30 2 0.7 7 2 1
76420 0.021
46412 0.0
62819 0.031
30 3 0.3 5 3 2
16979 0.019
10737 0.001
11333 0.009
30 3 0.3 7 2 1
17943 0.026
12774 0.001
15543 0.01
30 3 0.5 5 3 2
35925 0.0226
25894 0.0
28968 0.016
30 3 0.5 7 2 1
54934 0.022
32070 0.001
42299 0.016
30 3 0.7 5 3 2
76107 0.026
43778 0.001
56918 0.018
30 3 0.7 7 2 1
77880 0.029
44259 0.001
62587 0.019
30 5 0.3 5 3 2
5144 0.03
5144 0.001
5144 0.017
30 5 0.3 7 2 1
13859 0.023
10571 0.0
10986 0.016
30 5 0.5 5 3 2
27360 0.033
20898 0.001
22420 0.021
30 5 0.5 7 2 1
47896 0.041
32221 0.001
36671 0.019
30 5 0.7 5 3 2
60953 0.036
38890 0.001
46562 0.034
30 5 0.7 7 2 1
60081 0.044
36269 0.001
45171 0.033
40 1 0.3 5 3 2
42451 0.023
26556 0.0
39765 0.012
40 1 0.3 7 2 1
37100 0.024
36201 0.0
37100 0.011
40 1 0.5 5 3 2
70708 0.025
38312 0.001
66951 0.021
40 1 0.5 7 2 1
88733 0.028
57924 0.001
83954 0.016
40 1 0.7 5 3 2
94474 0.026
74105 0.001
91844 0.019
40 1 0.7 7 2 1
148025 0.033
90101 0.001
136676 0.019
40 2 0.3 5 3 2
31833 0.032
23383 0.0
29601 0.017
40 2 0.3 7 2 1
24460 0.026
18258 0.0
24398 0.02
40 2 0.5 5 3 2
62063 0.036
46634 0.0
53800 0.021
40 2 0.5 7 2 1
83712 0.034
52840 0.001
65563 0.022
40 2 0.7 5 3 2
94716 0.063
67411 0.001
81610 0.021
40 2 0.7 7 2 1
130892 0.045
79402 0.001
107714 0.033
40 3 0.3 5 3 2
42893 0.036
31471 0.001
38421 0.031
40 3 0.3 7 2 1
37228 0.035
33272 0.0
35068 0.021
40 3 0.5 5 3 2
69397 0.052
61090 0.002
64814 0.035
40 3 0.5 7 2 1
73123 0.045
42182 0.001
51531 0.027
40 3 0.7 5 3 2
83024 0.06
62063 0.001
72510 0.028
40 3 0.7 7 2 1
126637 0.051
85908 0.001
103058 0.042
40 5 0.3 5 3 2
38199 0.039
28766 0.001
31930 0.056
40 5 0.3 7 2 1
45968 0.043
35465 0.001
39253 0.036
40 5 0.5 5 3 2
64735 0.058
50693 0.001
54309 0.052
40 5 0.5 7 2 1
80212 0.063
53468 0.002
61254 0.056
40 5 0.7 5 3 2
114493 0.073
75031 0.002
85168 0.068
40 5 0.7 7 2 1
134654 0.098
93877 0.003
104815 0.064
50 1 0.3 5 3 2
44723 0.043
31890 0.001
41700 0.027
50 1 0.3 7 2 1
32661 0.035
21658 0.001
31509 0.023
50 1 0.5 5 3 2
89765 0.0425
55831 0.0
88315 0.032
50 1 0.5 7 2 1
93056 0.041
68588 0.0
88606 0.03
50 1 0.7 5 3 2
112747 0.047
74725 0.001
110845 0.031
50 1 0.7 7 2 1
136128 0.071
80356 0.001
129058 0.033
50 2 0.3 5 3 2
48574 0.055
26714 0.001
40457 0.044
50 2 0.3 7 2 1
69890 0.045
46272 0.001
64347 0.032
50 2 0.5 5 3 2
102260 0.059
65137 0.001
94156 0.039
50 2 0.5 7 2 1
101412 0.054
83249 0.001
97581 0.027
50 2 0.7 5 3 2
132253 0.0535
88102 0.001
120966 0.048
50 2 0.7 7 2 1
144992 0.073
95491 0.001
128478 0.042
50 3 0.3 5 3 2
46646 0.068
33535 0.001
38476 0.043
50 3 0.3 7 2 1
52017 0.064
26954 0.001
40305 0.032
50 3 0.5 5 3 2
96228 0.066
68917 0.002
81577 0.055
50 3 0.5 7 2 1
99436 0.09
69938 0.001
88952 0.054
50 3 0.7 5 3 2
121015 0.115
80916 0.002
102865 0.063
50 3 0.7 7 2 1
128899 0.0982
77029 0.002
106202 0.058
50 5 0.3 5 3 2
36848 0.068
23573 0.002
26871 0.065
50 5 0.3 7 2 1
60879 0.069
31010 0.001
44325 0.053
50 5 0.5 5 3 2
79004 0.1062
47861 0.002
62487 0.096
50 5 0.5 7 2 1
132908 0.105
89446 0.002
103756 0.071
50 5 0.7 5 3 2
127585 0.131
70362 0.003
95496 0.112
50 5 0.7 7 2 1
168374 0.139
103111 0.003
123591 0.117
75 1 0.3 5 3 2
39131 0.095
20192 0.001
37894 0.049
75 1 0.3 7 2 1
29144 0.099
19864 0.001
29144 0.046
75 1 0.5 5 3 2
86199 0.108
59628 0.002
79770 0.073
75 1 0.5 7 2 1
118010 0.113
70153 0.001
111952 0.071
75 1 0.7 5 3 2
195647 0.127
116785 0.002
183960 0.073
75 1 0.7 7 2 1
221582 0.119
120180 0.002
209785 0.09
75 2 0.3 5 3 2
27849 0.112
15313 0.002
24401 0.066
75 2 0.3 7 2 1
38474 0.116
22067 0.001
35438 0.063
75 2 0.5 5 3 2
94292 0.127
62258 0.002
78651 0.073
75 2 0.5 7 2 1
100012 0.13
61114 0.002
80096 0.075
75 2 0.7 5 3 2
196841 0.1664
101204 0.003
178827 0.098
75 2 0.7 7 2 1
187369 0.151
114002 0.002
153804 0.085
75 3 0.3 5 3 2
44341 0.127
24548 0.003
31139 0.074
75 3 0.3 7 2 1
40282 0.115
23349 0.003
32875 0.095
75 3 0.5 5 3 2
107956 0.158
58541 0.002
85269 0.101
75 3 0.5 7 2 1
119296 0.162
66949 0.003
102496 0.112
75 3 0.7 5 3 2
189865 0.21
117420 0.003
149737 0.129
75 3 0.7 7 2 1
223896 0.191
125714 0.005
184043 0.148
75 5 0.3 5 3 2
34496 0.1461
24783 0.003
26129 0.157
75 5 0.3 7 2 1
54283 0.16
30370 0.003
39922 0.146
75 5 0.5 5 3 2
91872 0.211
57237 0.004
71492 0.164
75 5 0.5 7 2 1
100276 0.2845
62054 0.004
73271 0.187
75 5 0.7 5 3 2
198058 0.292
125060 0.007
148276 0.263
75 5 0.7 7 2 1
188954 0.328
106517 0.007
134293 0.222
100 1 0.3 5 3 2
130900 0.1814
80144 0.002
116877 0.074
100 1 0.3 7 2 1
133072 0.1604
90971 0.002
124998 0.074
100 1 0.5 5 3 2
183095 0.2144
114506 0.003
169617 0.101
100 1 0.5 7 2 1
184200 0.199
107282 0.003
173592 0.114
100 1 0.7 5 3 2
275285 0.2294
135297 0.006
248292 0.135
100 1 0.7 7 2 1
308376 0.2764
157707 0.004
265070 0.126
100 2 0.3 5 3 2
123948 0.197
71952 0.004
103807 0.105
100 2 0.3 7 2 1
134355 0.224
85309 0.003
108301 0.098
100 2 0.5 5 3 2
169029 0.2763
118518 0.004
150637 0.162
100 2 0.5 7 2 1
192124 0.3116
110821 0.004
169507 0.2
100 2 0.7 5 3 2
246195 0.3141
129815 0.006
194723 0.2
100 2 0.7 7 2 1
320671 0.324
166547 0.006
249377 0.162
100 3 0.3 5 3 2
108470 0.251
81369 0.004
97311 0.165
100 3 0.3 7 2 1
134557 0.2913
73074 0.005
98315 0.143
100 3 0.5 5 3 2
191030 0.3237
106404 0.006
149889 0.232
100 3 0.5 7 2 1
188242 0.344
115751 0.007
155433 0.237
100 3 0.7 5 3 2
294271 0.3827
163896 0.006
208628 0.348
100 3 0.7 7 2 1
305273 0.5125
169393 0.008
219062 0.34
100 5 0.3 5 3 2
110791 0.342
65650 0.006
76211 0.314
100 5 0.3 7 2 1
151221 0.3939
88781 0.007
98963 0.338
100 5 0.5 5 3 2
173575 0.54
90416 0.011
122316 0.4
100 5 0.5 7 2 1
219925 0.5953
116533 0.009
149833 0.509
100 5 0.7 5 3 2
256788 0.7375
141259 0.012
174500 0.598
100 5 0.7 7 2 1
297265 0.7772
173360 0.015
210527 0.641
125 1 0.3 5 3 2
133317 0.2615
71454 0.004
128168 0.157
125 1 0.3 7 2 1
150037 0.299
85579 0.004
144504 0.182
125 1 0.5 5 3 2
262352 0.331
141051 0.004
249261 0.277
125 1 0.5 7 2 1
258766 0.3147
149327 0.004
258766 0.276
125 1 0.7 5 3 2
359100 0.371
189634 0.008
347866 0.268
125 1 0.7 7 2 1
404682 0.3614
215116 0.01
384208 0.326
125 2 0.3 5 3 2
133277 0.336
67298 0.005
112538 0.242
125 2 0.3 7 2 1
140614 0.3337
81055 0.004
123199 0.292
125 2 0.5 5 3 2
247832 0.4941
136023 0.005
205317 0.274
125 2 0.5 7 2 1
261984 0.5482
139350 0.006
237755 0.382
125 2 0.7 5 3 2
362671 0.5282
198705 0.009
282091 0.335
125 2 0.7 7 2 1
352540 0.5427
209674 0.014
351295 0.482
125 3 0.3 5 3 2
118063 0.4386
65147 0.005
99290 0.291
125 3 0.3 7 2 1
111295 0.462
68010 0.007
96779 0.362
125 3 0.5 5 3 2
228443 0.561
123012 0.007
175365 0.422
125 3 0.5 7 2 1
241730 0.554
139562 0.008
205212 0.483
125 3 0.7 5 3 2
342793 0.7273
187820 0.013
262705 0.667
125 3 0.7 7 2 1
354455 0.7839
185968 0.015
289253 0.759
125 5 0.3 5 3 2
130313 0.565
80675 0.011
97516 0.702
125 5 0.3 7 2 1
94993 0.5953
72767 0.015
89019 0.644
125 5 0.5 5 3 2
228201 0.8672
128869 0.013
154618 0.896
125 5 0.5 7 2 1
193828 0.829
121865 0.016
169928 1.346
125 5 0.7 5 3 2
344804 1.1701
174649 0.018
225468 1.051
125 5 0.7 7 2 1
352281 1.1902
207243 0.019
268266 1.548
150 1 0.3 5 3 2
95530 0.449
60552 0.004
88222 0.191
150 1 0.3 7 2 1
148925 0.4629
95896 0.004
148925 0.232
150 1 0.5 5 3 2
226045 0.496
127759 0.006
217766 0.338
150 1 0.5 7 2 1
311717 0.5263
171420 0.008
292390 0.333
150 1 0.7 5 3 2
373440 0.5771
201656 0.01
343984 0.365
150 1 0.7 7 2 1
470001 0.7037
267934 0.014
454602 0.354
150 2 0.3 5 3 2
124439 0.5606
64296 0.007
99578 0.309
150 2 0.3 7 2 1
117201 0.553
68427 0.006
106716 0.377
150 2 0.5 5 3 2
283869 0.799
156266 0.01
257175 0.513
150 2 0.5 7 2 1
276404 0.7688
159303 0.01
227118 0.47
150 2 0.7 5 3 2
433539 1.0275
231148 0.013
343483 0.472
150 2 0.7 7 2 1
428062 1.0462
232325 0.017
343423 0.469
150 3 0.3 5 3 2
90742 0.6801
52654 0.009
74241 0.438
150 3 0.3 7 2 1
135503 0.7612
68026 0.008
109590 0.488
150 3 0.5 5 3 2
252192 1.012
145668 0.014
185123 0.637
150 3 0.5 7 2 1
295181 1.0327
171941 0.016
231969 0.725
150 3 0.7 5 3 2
399448 1.173
222851 0.02
283724 0.763
150 3 0.7 7 2 1
440380 1.3776
235674 0.021
328416 1.29
150 5 0.3 5 3 2
131284 0.983
76946 0.014
101123 0.977
150 5 0.3 7 2 1
123874 1.0591
74212 0.016
88383 0.978
150 5 0.5 5 3 2
291545 1.5152
157039 0.031
199234 1.403
150 5 0.5 7 2 1
285111 1.612
148643 0.025
185184 1.37
150 5 0.7 5 3 2
426062 1.9573
235741 0.036
297763 1.621
150 5 0.7 7 2 1
409530 2.0797
220272 0.03
255665 1.629
175 1 0.3 5 3 2
187937 0.6976
109683 0.007
187568 0.342
175 1 0.3 7 2 1
214354 0.7453
127565 0.006
206793 0.348
175 1 0.5 5 3 2
291469 0.785
179672 0.009
276280 0.37
175 1 0.5 7 2 1
338362 0.9292
211794 0.012
309148 0.387
175 1 0.7 5 3 2
422844 0.9879
254851 0.016
387417 0.483
175 1 0.7 7 2 1
490488 0.9589
282052 0.021
438920 0.491
175 2 0.3 5 3 2
190554 0.9041
106556 0.007
173389 0.525
175 2 0.3 7 2 1
205682 0.966
123078 0.011
190062 0.473
175 2 0.5 5 3 2
304796 1.0192
176080 0.017
239403 0.492
175 2 0.5 7 2 1
357992 1.0855
201953 0.016
279269 0.679
175 2 0.7 5 3 2
417193 1.3192
239809 0.024
325749 0.683
175 2 0.7 7 2 1
513034 1.344
277528 0.026
415239 0.716
175 3 0.3 5 3 2
208578 1.0317
113138 0.013
154221 0.769
175 3 0.3 7 2 1
206196 1.0886
126120 0.011
178357 0.762
175 3 0.5 5 3 2
336703 1.446
176307 0.021
242141 1.046
175 3 0.5 7 2 1
366526 1.4788
194652 0.021
260917 1.015
175 3 0.7 5 3 2
493388 1.7239
261720 0.029
350893 1.135
175 3 0.7 7 2 1
538141 1.784
275811 0.027
391138 1.623
175 5 0.3 5 3 2
207130 1.4096
108161 0.021
136686 1.341
175 5 0.3 7 2 1
189436 1.4877
112552 0.021
136881 1.338
175 5 0.5 5 3 2
318534 2.0276
179725 0.028
221853 1.742
175 5 0.5 7 2 1
336836 2.3639
166900 0.03
217832 1.863
175 5 0.7 5 3 2
406336 2.5843
234292 0.047
278023 1.904
175 5 0.7 7 2 1
467609 2.9567
256430 0.055
302857 2.101
200 1 0.3 5 3 2
188982 0.9452
106946 0.007
187505 0.47
200 1 0.3 7 2 1
174021 0.9555
102475 0.007
171409 0.497
200 1 0.5 5 3 2
380035 1.1508
204755 0.014
338622 0.594
200 1 0.5 7 2 1
402273 1.2889
213163 0.019
387542 0.935
200 1 0.7 5 3 2
570169 1.3106
317472 0.024
548722 0.669
200 1 0.7 7 2 1
593059 1.326
306752 0.025
540685 0.707
200 2 0.3 5 3 2
176543 1.1899
93923 0.01
140081 0.608
200 2 0.3 7 2 1
162910 1.1997
81381 0.013
153011 0.776
200 2 0.5 5 3 2
369785 1.5534
199174 0.021
302996 0.816
200 2 0.5 7 2 1
353554 1.6689
184433 0.047
292482 1.485
200 2 0.7 5 3 2
557109 2.023
308119 0.072
449900 1.445
200 2 0.7 7 2 1
582489 1.7455
314923 0.029
464354 1.348
200 3 0.3 5 3 2
182171 1.2363
102660 0.015
152303 1.085
200 3 0.3 7 2 1
209052 1.5582
112291 0.016
154880 0.956
200 3 0.5 5 3 2
360221 1.6904
215090 0.029
272550 1.281
200 3 0.5 7 2 1
382987 1.9119
211070 0.025
279060 1.575
200 3 0.7 5 3 2
528112 2.5875
276127 0.048
378625 1.61
200 3 0.7 7 2 1
550086 2.3565
288130 0.102
412920 2.404
200 5 0.3 5 3 2
161847 2.0613
88826 0.024
116362 1.633
200 5 0.3 7 2 1
210878 2.1281
119163 0.058
151651 1.937
200 5 0.5 5 3 2
300890 2.6153
172505 0.042
208034 2.27
200 5 0.5 7 2 1
366468 3.273
203067 0.052
253085 2.851
200 5 0.7 5 3 2
465260 3.6424
264726 0.063
320611 2.634
200 5 0.7 7 2 1
520029 3.8786
275211 0.124
345577 3.129
225 1 0.3 5 3 2
214874 1.1762
114441 0.009
206925 0.621
225 1 0.3 7 2 1
272839 1.4704
146486 0.011
267532 0.585
225 1 0.5 5 3 2
424640 1.5333
224576 0.017
401058 0.892
225 1 0.5 7 2 1
435099 1.4976
248584 0.031
406822 0.833
225 1 0.7 5 3 2
577383 1.9263
334516 0.039
524890 0.765
225 1 0.7 7 2 1
626051 1.7784
363501 0.114
581221 1.13
225 2 0.3 5 3 2
220804 1.7553
112510 0.013
179592 0.873
225 2 0.3 7 2 1
271820 1.5332
154126 0.033
232662 1.035
225 2 0.5 5 3 2
374046 2.0749
193951 0.027
299437 0.984
225 2 0.5 7 2 1
432789 2.0846
252495 0.065
346790 1.008
225 2 0.7 5 3 2
520695 2.3067
307991 0.05
442562 1.785
225 2 0.7 7 2 1
578292 2.7283
327322 0.085
485399 2.365
225 3 0.3 5 3 2
192306 1.8386
106064 0.024
155752 1.3
225 3 0.3 7 2 1
240051 1.9489
143869 0.032
208286 2.235
225 3 0.5 5 3 2
352623 2.8375
170274 0.046
254934 1.537
225 3 0.5 7 2 1
427252 2.7863
225727 0.045
329973 2.243
225 3 0.7 5 3 2
476318 3.2172
301924 0.064
374642 2.257
225 3 0.7 7 2 1
614845 3.7184
346594 0.095
458612 2.255
225 5 0.3 5 3 2
213143 2.5034
124798 0.034
157769 2.309
225 5 0.3 7 2 1
247468 3.2043
138629 0.045
167968 2.584
225 5 0.5 5 3 2
382560 3.9524
195722 0.05
258411 2.897
225 5 0.5 7 2 1
402239 4.0486
235347 0.061
279857 2.899
225 5 0.7 5 3 2
540540 5.9683
318628 0.179
388876 3.944
225 5 0.7 7 2 1
551915 4.5459
320529 0.107
377864 3.545
250 1 0.3 5 3 2
247748 1.7579
149169 0.011
237391 0.593
250 1 0.3 7 2 1
300229 1.5181
186899 0.015
270117 0.709
250 1 0.5 5 3 2
426601 2.2315
253960 0.029
402738 0.899
250 1 0.5 7 2 1
503331 2.4912
282920 0.03
431526 0.85
250 1 0.7 5 3 2
683772 2.0072
364180 0.043
630200 1.345
250 1 0.7 7 2 1
733614 2.0646
382866 0.057
665542 1.307
250 2 0.3 5 3 2
268168 1.8882
146025 0.02
227112 1.028
250 2 0.3 7 2 1
315475 2.0532
196484 0.022
262452 1.042
250 2 0.5 5 3 2
421743 2.6983
256314 0.037
349139 1.034
250 2 0.5 7 2 1
517932 2.9172
285813 0.048
454024 1.605
250 2 0.7 5 3 2
640872 2.7985
376022 0.132
532988 1.933
250 2 0.7 7 2 1
770126 3.0086
425659 0.093
616765 2.293
250 3 0.3 5 3 2
267652 2.5037
165732 0.026
224624 1.94
250 3 0.3 7 2 1
261122 3.0659
163666 0.045
195720 1.671
250 3 0.5 5 3 2
489542 3.0446
268926 0.046
362886 2.316
250 3 0.5 7 2 1
438890 4.1588
240020 0.057
341510 3.086
250 3 0.7 5 3 2
732528 4.6192
411517 0.153
538961 2.615
250 3 0.7 7 2 1
737189 4.606
417150 0.1
545398 3.022
250 5 0.3 5 3 2
230293 3.8191
124132 0.078
160127 3.413
250 5 0.3 7 2 1
283832 3.4556
157041 0.047
203332 3.066
250 5 0.5 5 3 2
408557 4.2551
254174 0.076
303203 4.199
250 5 0.5 7 2 1
487051 4.6375
256863 0.107
341023 4.953
250 5 0.7 5 3 2
611368 5.1787
355203 0.183
408529 4.501
250 5 0.7 7 2 1
748311 7.4787
402751 0.209
503490 6.713
275 1 0.3 5 3 2
232310 2.7627
123816 0.014
227880 0.85
275 1 0.3 7 2 1
290157 2.9756
170415 0.03
266895 0.908
275 1 0.5 5 3 2
459327 3.822
237909 0.055
425307 1.465
275 1 0.5 7 2 1
512294 2.8302
254539 0.08
497190 1.689
275 1 0.7 5 3 2
688485 2.7467
393684 0.057
617643 1.618
275 1 0.7 7 2 1
802618 3.8239
415729 0.09
739476 1.976
275 2 0.3 5 3 2
270526 2.3266
147486 0.024
220019 1.863
275 2 0.3 7 2 1
274165 2.4606
144373 0.025
244382 1.85
275 2 0.5 5 3 2
462081 3.9424
268010 0.045
394468 1.674
275 2 0.5 7 2 1
501012 4.1055
273600 0.052
391204 1.739
275 2 0.7 5 3 2
723616 4.1593
418697 0.076
579839 2.152
275 2 0.7 7 2 1
816673 4.1443
429223 0.104
642148 2.869
275 3 0.3 5 3 2
227953 3.2744
140574 0.037
187507 1.697
275 3 0.3 7 2 1
261733 3.3198
151636 0.082
203518 1.97
275 3 0.5 5 3 2
441527 3.8006
240303 0.101
331598 2.673
275 3 0.5 7 2 1
451453 4.6903
236018 0.063
333718 3.573
275 3 0.7 5 3 2
744874 5.3533
411128 0.119
535107 2.294
275 3 0.7 7 2 1
792630 4.913
414289 0.124
562689 3.63
275 5 0.3 5 3 2
264656 4.2551
135199 0.053
182082 4.1
275 5 0.3 7 2 1
245499 4.0002
140645 0.053
181901 4.082
275 5 0.5 5 3 2
481081 6.1367
253801 0.1
312381 3.557
275 5 0.5 7 2 1
473524 6.994
248366 0.106
323206 5.074
275 5 0.7 5 3 2
750732 8.1056
386060 0.261
480472 7.753
275 5 0.7 7 2 1
738481 8.6666
450811 0.247
519263 6.484
300 1 0.3 5 3 2
333839 2.5535
187898 0.021
315176 1.644
300 1 0.3 7 2 1
322381 2.3717
173742 0.029
301901 1.618
300 1 0.5 5 3 2
582745 3.8551
313141 0.081
530452 2.886
300 1 0.5 7 2 1
619266 3.9208
318780 0.064
564021 1.589
300 1 0.7 5 3 2
896440 4.223
451855 0.096
789764 2.068
300 1 0.7 7 2 1
927634 3.2478
501250 0.116
866510 1.798
300 2 0.3 5 3 2
321514 3.3711
163592 0.033
255143 2.264
300 2 0.3 7 2 1
312845 3.8295
158068 0.032
261113 2.333
300 2 0.5 5 3 2
617968 3.9203
326375 0.074
491397 2.084
300 2 0.5 7 2 1
601140 4.4113
302824 0.073
510776 4.83
300 2 0.7 5 3 2
881144 5.296
492648 0.139
721323 3.502
300 2 0.7 7 2 1
935787 5.2682
497780 0.154
761212 3.738
300 3 0.3 5 3 2
302051 4.2661
157751 0.046
228846 2.813
300 3 0.3 7 2 1
334342 4.0187
194209 0.054
263867 3.913
300 3 0.5 5 3 2
537992 5.4574
267034 0.127
380322 2.718
300 3 0.5 7 2 1
633578 5.506
334015 0.141
481088 4.024
300 3 0.7 5 3 2
784105 5.9413
448821 0.28
573955 5.17
300 3 0.7 7 2 1
965183 7.7293
504310 0.306
705705 6.545
300 5 0.3 5 3 2
315046 5.7373
164390 0.106
214967 4.826
300 5 0.3 7 2 1
335337 6.0226
190773 0.141
243271 7.784
300 5 0.5 5 3 2
521337 7.9435
280720 0.215
347455 6.458
300 5 0.5 7 2 1
596284 9.4025
306947 0.301
371968 6.797
300 5 0.7 5 3 2
822944 8.7144
453961 0.326
532884 6.722
300 5 0.7 7 2 1
895679 10.3046
463754 0.631
589991 8.423
