10 1 0.3 5 3 2
2734 0.007
2734 0.0
2734 0.001
10 1 0.3 7 2 1
10351 0.004
10268 0.0
10268 0.001
10 1 0.5 5 3 2
23535 0.004
22066 0.0
23535 0.0
10 1 0.5 7 2 1
16445 0.003
12813 0.0
13190 0.0
10 1 0.7 5 3 2
22287 0.003
21597 0.0
21992 0.0
10 1 0.7 7 2 1
24514 0.004
23443 0.0
23870 0.0
10 2 0.3 5 3 2
1420 0.004
1420 0.0
1420 0.0
10 2 0.3 7 2 1
8183 0.003
5258 0.0
5258 0.0
10 2 0.5 5 3 2
8402 0.004
7788 0.0
8309 0.0
10 2 0.5 7 2 1
11248 0.004
11248 0.0
11248 0.0
10 2 0.7 5 3 2
24643 0.005
24643 0.0
24643 0.0
10 2 0.7 7 2 1
22332 0.006
20947 0.0
20947 0.0
10 3 0.3 5 3 2
591 0.004
591 0.0
591 0.0
10 3 0.3 7 2 1
6021 0.003
6021 0.0
6021 0.0
10 3 0.5 5 3 2
13254 0.004
13254 0.0
13254 0.0
10 3 0.5 7 2 1
21721 0.004
18499 0.0
18525 0.0
10 3 0.7 5 3 2
21686 0.005
16251 0.0
17057 0.0
10 3 0.7 7 2 1
29384 0.004
23273 0.0
24830 0.0
10 5 0.3 5 3 2
6742 0.003
6742 0.0
6742 0.0
10 5 0.3 7 2 1
9195 0.004
9195 0.0
9195 0.0
10 5 0.5 5 3 2
12006 0.003
12006 0.0
12006 0.0
10 5 0.5 7 2 1
13215 0.004
13215 0.0
13215 0.001
10 5 0.7 5 3 2
8570 0.005
8138 0.0
8570 0.0
10 5 0.7 7 2 1
13838 0.005
10810 0.0
10810 0.001
20 1 0.3 5 3 2
9526 0.006
9526 0.0
9526 0.001
20 1 0.3 7 2 1
13224 0.006
13224 0.0
13224 0.0
20 1 0.5 5 3 2
12300 0.01
11229 0.0
12268 0.001
20 1 0.5 7 2 1
26868 0.007
21971 0.0
22748 0.001
20 1 0.7 5 3 2
25120 0.008
15972 0.0
19919 0.001
20 1 0.7 7 2 1
40656 0.008
25656 0.0
35613 0.001
20 2 0.3 5 3 2
4937 0.008
4937 0.0
4937 0.001
20 2 0.3 7 2 1
2375 0.014
2375 0.0
2375 0.001
20 2 0.5 5 3 2
11116 0.009
11116 0.0
11116 0.001
20 2 0.5 7 2 1
13610 0.009
13610 0.0
13610 0.001
20 2 0.7 5 3 2
22334 0.012
19283 0.0
20860 0.001
20 2 0.7 7 2 1
18225 0.009
13819 0.0
15625 0.001
20 3 0.3 5 3 2
280 0.007
280 0.0
280 0.001
20 3 0.3 7 2 1
14046 0.008
14046 0.0
14046 0.001
20 3 0.5 5 3 2
3759 0.01
3759 0.001
3759 0.001
20 3 0.5 7 2 1
17124 0.01
14475 0.0
15951 0.001
20 3 0.7 5 3 2
14902 0.01
14902 0.0
14902 0.001
20 3 0.7 7 2 1
42836 0.012
34276 0.0
35772 0.001
20 5 0.3 5 3 2
8824 0.01
8824 0.001
8824 0.002
20 5 0.3 7 2 1
13949 0.01
13949 0.0
13949 0.001
20 5 0.5 5 3 2
7923 0.013
7923 0.001
7923 0.002
20 5 0.5 7 2 1
13556 0.012
13556 0.0
13556 0.001
20 5 0.7 5 3 2
21137 0.015
16688 0.0
16781 0.002
20 5 0.7 7 2 1
25821 0.016
18625 0.001
20217 0.002
30 1 0.3 5 3 2
20318 0.013
15304 0.001
18072 0.0
30 1 0.3 7 2 1
5189 0.014
5189 0.0
5189 0.001
30 1 0.5 5 3 2
54321 0.014
33796 0.001
46151 0.002
30 1 0.5 7 2 1
37283 0.016
26873 0.001
34924 0.002
30 1 0.7 5 3 2
102190 0.016
54974 0.0
80923 0.002
30 1 0.7 7 2 1
77203 0.016
46330 0.0
63307 0.002
30 2 0.3 5 3 2
16325 0.015
12716 0.001
13339 0.001
30 2 0.3 7 2 1
17700 0.017
12431 0.001
14057 0.001
30 2 0.5 5 3 2
40690 0.018
27830 0.001
31921 0.002
30 2 0.5 7 2 1
44496 0.019
25013 0.001
31367 0.002
30 2 0.7 5 3 2
52907 0.02
36687 0.0
42563 0.002
30 2 0.7 7 2 1
76420 0.022
46412 0.001
57977 0.002
30 3 0.3 5 3 2
16979 0.018
10737 0.001
11155 0.001
30 3 0.3 7 2 1
17943 0.018
12774 0.0
14249 0.002
30 3 0.5 5 3 2
35925 0.023
25894 0.001
27601 0.002
30 3 0.5 7 2 1
54934 0.023
32070 0.0
36328 0.002
30 3 0.7 5 3 2
76107 0.034
43778 0.0
53693 0.003
30 3 0.7 7 2 1
77880 0.027
44259 0.0
56861 0.003
30 5 0.3 5 3 2
5144 0.024
5144 0.0
5144 0.002
30 5 0.3 7 2 1
13859 0.024
10571 0.001
11545 0.002
30 5 0.5 5 3 2
27360 0.03
20898 0.0
22242 0.003
30 5 0.5 7 2 1
47896 0.033
32221 0.0
34742 0.003
30 5 0.7 5 3 2
60953 0.036
38890 0.001
42985 0.004
30 5 0.7 7 2 1
60081 0.041
36269 0.001
41788 0.004
40 1 0.3 5 3 2
42451 0.024
26556 0.0
32937 0.002
40 1 0.3 7 2 1
37100 0.032
36201 0.0
37100 0.001
40 1 0.5 5 3 2
70708 0.024
38312 0.0
53012 0.002
40 1 0.5 7 2 1
88733 0.026
57924 0.001
76472 0.002
40 1 0.7 5 3 2
94474 0.025
74105 0.0
85474 0.007
40 1 0.7 7 2 1
148025 0.033
90101 0.001
120778 0.003
40 2 0.3 5 3 2
31833 0.026
23383 0.0
26642 0.002
40 2 0.3 7 2 1
24460 0.026
18258 0.0
21748 0.003
40 2 0.5 5 3 2
62063 0.037
46634 0.0
51221 0.003
40 2 0.5 7 2 1
83712 0.032
52840 0.001
63455 0.003
40 2 0.7 5 3 2
94716 0.035
67411 0.001
77074 0.004
40 2 0.7 7 2 1
130892 0.037
79402 0.001
97788 0.003
40 3 0.3 5 3 2
42893 0.029
31471 0.001
34274 0.002
40 3 0.3 7 2 1
37228 0.035
33272 0.001
34256 0.004
40 3 0.5 5 3 2
69397 0.036
61090 0.001
63197 0.003
40 3 0.5 7 2 1
73123 0.039
42182 0.001
50766 0.003
40 3 0.7 5 3 2
83024 0.048
62063 0.001
65090 0.006
40 3 0.7 7 2 1
126637 0.047
85908 0.002
96324 0.004
40 5 0.3 5 3 2
38199 0.039
28766 0.001
30342 0.004
40 5 0.3 7 2 1
45968 0.039
35465 0.001
37000 0.004
40 5 0.5 5 3 2
64735 0.049
50693 0.001
51272 0.008
40 5 0.5 7 2 1
80212 0.054
53468 0.001
59238 0.009
40 5 0.7 5 3 2
114493 0.069
75031 0.001
80112 0.006
40 5 0.7 7 2 1
134654 0.087
93877 0.001
102287 0.006
50 1 0.3 5 3 2
44723 0.032
31890 0.001
39234 0.002
50 1 0.3 7 2 1
32661 0.039
21658 0.001
30906 0.002
50 1 0.5 5 3 2
89765 0.036
55831 0.001
73971 0.003
50 1 0.5 7 2 1
93056 0.041
68588 0.001
82669 0.003
50 1 0.7 5 3 2
112747 0.045
74725 0.001
93542 0.004
50 1 0.7 7 2 1
136128 0.045
80356 0.001
117627 0.005
50 2 0.3 5 3 2
48574 0.039
26714 0.0
36122 0.003
50 2 0.3 7 2 1
69890 0.07
46272 0.001
56272 0.007
50 2 0.5 5 3 2
102260 0.049
65137 0.001
78145 0.009
50 2 0.5 7 2 1
101412 0.076
83249 0.001
91007 0.004
50 2 0.7 5 3 2
132253 0.057
88102 0.002
109262 0.005
50 2 0.7 7 2 1
144992 0.055
95491 0.001
115569 0.005
50 3 0.3 5 3 2
46646 0.061
33535 0.001
36617 0.004
50 3 0.3 7 2 1
52017 0.047
26954 0.001
34332 0.004
50 3 0.5 5 3 2
96228 0.058
68917 0.001
76502 0.007
50 3 0.5 7 2 1
99436 0.082
69938 0.001
79428 0.006
50 3 0.7 5 3 2
121015 0.079
80916 0.002
94576 0.008
50 3 0.7 7 2 1
128899 0.099
77029 0.002
98924 0.007
50 5 0.3 5 3 2
36848 0.059
23573 0.002
24482 0.007
50 5 0.3 7 2 1
60879 0.068
31010 0.002
35907 0.006
50 5 0.5 5 3 2
79004 0.102
47861 0.002
54553 0.009
50 5 0.5 7 2 1
132908 0.103
89446 0.002
97716 0.008
50 5 0.7 5 3 2
127585 0.142
70362 0.002
80053 0.011
50 5 0.7 7 2 1
168374 0.152
103111 0.003
112735 0.012
75 1 0.3 5 3 2
39131 0.108
20192 0.001
31831 0.004
75 1 0.3 7 2 1
29144 0.113
19864 0.001
28584 0.006
75 1 0.5 5 3 2
86199 0.098
59628 0.002
74303 0.006
75 1 0.5 7 2 1
118010 0.1204
70153 0.001
97650 0.006
75 1 0.7 5 3 2
195647 0.104
116785 0.001
152981 0.008
75 1 0.7 7 2 1
221582 0.113
120180 0.002
182788 0.008
75 2 0.3 5 3 2
27849 0.095
15313 0.001
20719 0.006
75 2 0.3 7 2 1
38474 0.111
22067 0.002
31909 0.009
75 2 0.5 5 3 2
94292 0.144
62258 0.002
70354 0.01
75 2 0.5 7 2 1
100012 0.155
61114 0.003
74361 0.012
75 2 0.7 5 3 2
196841 0.1675
101204 0.003
135399 0.01
75 2 0.7 7 2 1
187369 0.148
114002 0.003
134381 0.01
75 3 0.3 5 3 2
44341 0.119
24548 0.002
25721 0.008
75 3 0.3 7 2 1
40282 0.141
23349 0.002
28959 0.009
75 3 0.5 5 3 2
107956 0.15
58541 0.003
73904 0.011
75 3 0.5 7 2 1
119296 0.163
66949 0.003
83372 0.013
75 3 0.7 5 3 2
189865 0.185
117420 0.003
136752 0.014
75 3 0.7 7 2 1
223896 0.232
125714 0.005
149762 0.016
75 5 0.3 5 3 2
34496 0.136
24783 0.003
25661 0.016
75 5 0.3 7 2 1
54283 0.147
30370 0.003
34389 0.017
75 5 0.5 5 3 2
91872 0.191
57237 0.005
63194 0.02
75 5 0.5 7 2 1
100276 0.256
62054 0.004
69651 0.022
75 5 0.7 5 3 2
198058 0.287
125060 0.005
136254 0.021
75 5 0.7 7 2 1
188954 0.3401
106517 0.007
119077 0.027
100 1 0.3 5 3 2
130900 0.152
80144 0.002
107731 0.01
100 1 0.3 7 2 1
133072 0.161
90971 0.003
116327 0.008
100 1 0.5 5 3 2
183095 0.166
114506 0.003
152451 0.012
100 1 0.5 7 2 1
184200 0.191
107282 0.003
153386 0.012
100 1 0.7 5 3 2
275285 0.224
135297 0.003
205928 0.015
100 1 0.7 7 2 1
308376 0.2576
157707 0.004
235068 0.018
100 2 0.3 5 3 2
123948 0.206
71952 0.003
88596 0.013
100 2 0.3 7 2 1
134355 0.2432
85309 0.003
104597 0.011
100 2 0.5 5 3 2
169029 0.281
118518 0.004
137004 0.016
100 2 0.5 7 2 1
192124 0.293
110821 0.004
149983 0.017
100 2 0.7 5 3 2
246195 0.3376
129815 0.005
176867 0.023
100 2 0.7 7 2 1
320671 0.318
166547 0.006
215667 0.021
100 3 0.3 5 3 2
108470 0.255
81369 0.005
90555 0.02
100 3 0.3 7 2 1
134557 0.24
73074 0.004
84854 0.016
100 3 0.5 5 3 2
191030 0.328
106404 0.006
130692 0.026
100 3 0.5 7 2 1
188242 0.3346
115751 0.009
140287 0.031
100 3 0.7 5 3 2
294271 0.3567
163896 0.012
198012 0.036
100 3 0.7 7 2 1
305273 0.4581
169393 0.01
207489 0.036
100 5 0.3 5 3 2
110791 0.327
65650 0.007
70679 0.03
100 5 0.3 7 2 1
151221 0.332
88781 0.006
97165 0.031
100 5 0.5 5 3 2
173575 0.4847
90416 0.009
105121 0.04
100 5 0.5 7 2 1
219925 0.5385
116533 0.016
137211 0.057
100 5 0.7 5 3 2
256788 0.626
141259 0.02
167374 0.061
100 5 0.7 7 2 1
297265 0.709
173360 0.014
199897 0.064
125 1 0.3 5 3 2
133317 0.273
71454 0.002
121829 0.014
125 1 0.3 7 2 1
150037 0.267
85579 0.003
130803 0.014
125 1 0.5 5 3 2
262352 0.3061
141051 0.004
226466 0.02
125 1 0.5 7 2 1
258766 0.33
149327 0.005
230503 0.026
125 1 0.7 5 3 2
359100 0.341
189634 0.008
308250 0.029
125 1 0.7 7 2 1
404682 0.361
215116 0.006
338348 0.032
125 2 0.3 5 3 2
133277 0.2852
67298 0.004
97940 0.018
125 2 0.3 7 2 1
140614 0.3499
81055 0.005
117707 0.02
125 2 0.5 5 3 2
247832 0.7087
136023 0.006
177354 0.026
125 2 0.5 7 2 1
261984 0.54
139350 0.007
201792 0.031
125 2 0.7 5 3 2
362671 0.5922
198705 0.008
259287 0.035
125 2 0.7 7 2 1
352540 0.517
209674 0.01
279282 0.039
125 3 0.3 5 3 2
118063 0.481
65147 0.005
87007 0.025
125 3 0.3 7 2 1
111295 0.384
68010 0.007
83246 0.034
125 3 0.5 5 3 2
228443 0.51
123012 0.007
160203 0.035
125 3 0.5 7 2 1
241730 0.504
139562 0.008
171404 0.035
125 3 0.7 5 3 2
342793 0.6614
187820 0.011
230575 0.043
125 3 0.7 7 2 1
354455 0.6746
185968 0.013
247024 0.048
125 5 0.3 5 3 2
130313 0.494
80675 0.009
91830 0.049
125 5 0.3 7 2 1
94993 0.545
72767 0.011
84081 0.052
125 5 0.5 5 3 2
228201 0.774
128869 0.028
149104 0.08
125 5 0.5 7 2 1
193828 1.2138
121865 0.017
157938 0.082
125 5 0.7 5 3 2
344804 1.1044
174649 0.019
211010 0.08
125 5 0.7 7 2 1
352281 1.4911
207243 0.021
248839 0.169
150 1 0.3 5 3 2
95530 0.436
60552 0.003
81785 0.018
150 1 0.3 7 2 1
148925 0.494
95896 0.009
144260 0.035
150 1 0.5 5 3 2
226045 0.4727
127759 0.006
191379 0.049
150 1 0.5 7 2 1
311717 0.6394
171420 0.005
260140 0.032
150 1 0.7 5 3 2
373440 0.6921
201656 0.01
298238 0.067
150 1 0.7 7 2 1
470001 0.6656
267934 0.01
381743 0.037
150 2 0.3 5 3 2
124439 0.6953
64296 0.005
89902 0.03
150 2 0.3 7 2 1
117201 0.5618
68427 0.005
98824 0.031
150 2 0.5 5 3 2
283869 0.785
156266 0.009
218759 0.036
150 2 0.5 7 2 1
276404 0.676
159303 0.008
205147 0.044
150 2 0.7 5 3 2
433539 0.9449
231148 0.013
297316 0.051
150 2 0.7 7 2 1
428062 1.1489
232325 0.015
307307 0.061
150 3 0.3 5 3 2
90742 0.6998
52654 0.013
69830 0.038
150 3 0.3 7 2 1
135503 0.7048
68026 0.008
95466 0.044
150 3 0.5 5 3 2
252192 0.8597
145668 0.012
171788 0.051
150 3 0.5 7 2 1
295181 1.07
171941 0.024
214672 0.064
150 3 0.7 5 3 2
399448 0.9721
222851 0.015
269028 0.062
150 3 0.7 7 2 1
440380 1.4263
235674 0.047
290146 0.092
150 5 0.3 5 3 2
131284 1.0444
76946 0.016
93167 0.081
150 5 0.3 7 2 1
123874 0.941
74212 0.027
82410 0.079
150 5 0.5 5 3 2
291545 1.4381
157039 0.031
183362 0.138
150 5 0.5 7 2 1
285111 1.4107
148643 0.035
176198 0.111
150 5 0.7 5 3 2
426062 1.6241
235741 0.025
269425 0.111
150 5 0.7 7 2 1
409530 1.6522
220272 0.03
247606 0.118
175 1 0.3 5 3 2
187937 0.568
109683 0.005
157482 0.025
175 1 0.3 7 2 1
214354 0.5833
127565 0.005
184983 0.036
175 1 0.5 5 3 2
291469 0.6417
179672 0.008
238905 0.047
175 1 0.5 7 2 1
338362 0.755
211794 0.009
282598 0.044
175 1 0.7 5 3 2
422844 0.8084
254851 0.013
333621 0.052
175 1 0.7 7 2 1
490488 0.9356
282052 0.014
395476 0.052
175 2 0.3 5 3 2
190554 0.8139
106556 0.007
147677 0.035
175 2 0.3 7 2 1
205682 0.781
123078 0.008
167086 0.046
175 2 0.5 5 3 2
304796 0.894
176080 0.012
219983 0.047
175 2 0.5 7 2 1
357992 0.9475
201953 0.013
250697 0.059
175 2 0.7 5 3 2
417193 1.1531
239809 0.029
302057 0.075
175 2 0.7 7 2 1
513034 1.1542
277528 0.021
367011 0.104
175 3 0.3 5 3 2
208578 0.871
113138 0.011
137467 0.052
175 3 0.3 7 2 1
206196 0.9613
126120 0.011
162428 0.053
175 3 0.5 5 3 2
336703 1.245
176307 0.033
215164 0.092
175 3 0.5 7 2 1
366526 1.2332
194652 0.021
241438 0.093
175 3 0.7 5 3 2
493388 1.451
261720 0.03
320268 0.1
175 3 0.7 7 2 1
538141 1.6731
275811 0.025
342693 0.099
175 5 0.3 5 3 2
207130 1.2611
108161 0.017
128410 0.098
175 5 0.3 7 2 1
189436 1.2909
112552 0.017
128091 0.108
175 5 0.5 5 3 2
318534 1.7863
179725 0.026
204797 0.162
175 5 0.5 7 2 1
336836 2.142
166900 0.026
199799 0.137
175 5 0.7 5 3 2
406336 2.4598
234292 0.039
261655 0.161
175 5 0.7 7 2 1
467609 2.8359
256430 0.067
289380 0.159
200 1 0.3 5 3 2
188982 1.1299
106946 0.009
171821 0.076
200 1 0.3 7 2 1
174021 1.2934
102475 0.017
168051 0.041
200 1 0.5 5 3 2
380035 1.1897
204755 0.026
291667 0.059
200 1 0.5 7 2 1
402273 1.138
213163 0.013
322837 0.063
200 1 0.7 5 3 2
570169 1.2325
317472 0.024
444520 0.09
200 1 0.7 7 2 1
593059 1.3293
306752 0.026
441579 0.077
200 2 0.3 5 3 2
176543 1.128
93923 0.009
124445 0.05
200 2 0.3 7 2 1
162910 1.3539
81381 0.011
126935 0.056
200 2 0.5 5 3 2
369785 1.6187
199174 0.019
252991 0.071
200 2 0.5 7 2 1
353554 1.8148
184433 0.026
251338 0.123
200 2 0.7 5 3 2
557109 1.6231
308119 0.032
409709 0.112
200 2 0.7 7 2 1
582489 1.8776
314923 0.033
412866 0.113
200 3 0.3 5 3 2
182171 1.2883
102660 0.015
137809 0.08
200 3 0.3 7 2 1
209052 1.534
112291 0.016
132537 0.094
200 3 0.5 5 3 2
360221 1.7121
215090 0.036
255497 0.135
200 3 0.5 7 2 1
382987 2.4669
211070 0.025
255854 0.173
200 3 0.7 5 3 2
528112 2.0222
276127 0.034
341198 0.132
200 3 0.7 7 2 1
550086 2.1131
288130 0.05
367305 0.208
200 5 0.3 5 3 2
161847 1.6244
88826 0.035
102907 0.166
200 5 0.3 7 2 1
210878 1.8674
119163 0.024
134913 0.197
200 5 0.5 5 3 2
300890 2.3121
172505 0.035
197381 0.225
200 5 0.5 7 2 1
366468 2.7677
203067 0.062
230168 0.184
200 5 0.7 5 3 2
465260 3.3095
264726 0.057
297483 0.234
200 5 0.7 7 2 1
520029 4.3772
275211 0.088
315548 0.292
225 1 0.3 5 3 2
214874 1.1713
114441 0.01
190230 0.051
225 1 0.3 7 2 1
272839 1.2867
146486 0.009
227065 0.066
225 1 0.5 5 3 2
424640 1.4448
224576 0.017
350150 0.075
225 1 0.5 7 2 1
435099 1.4517
248584 0.021
362217 0.118
225 1 0.7 5 3 2
577383 1.6086
334516 0.035
463385 0.105
225 1 0.7 7 2 1
626051 1.6909
363501 0.044
490948 0.108
225 2 0.3 5 3 2
220804 1.5291
112510 0.029
149359 0.101
225 2 0.3 7 2 1
271820 1.6027
154126 0.017
196973 0.073
225 2 0.5 5 3 2
374046 2.0671
193951 0.024
259008 0.091
225 2 0.5 7 2 1
432789 1.9735
252495 0.029
314921 0.134
225 2 0.7 5 3 2
520695 2.1596
307991 0.04
383206 0.137
225 2 0.7 7 2 1
578292 2.2519
327322 0.048
422049 0.16
225 3 0.3 5 3 2
192306 1.4718
106064 0.02
132769 0.088
225 3 0.3 7 2 1
240051 1.7575
143869 0.02
187025 0.115
225 3 0.5 5 3 2
352623 2.3896
170274 0.043
225324 0.115
225 3 0.5 7 2 1
427252 2.4319
225727 0.036
287852 0.157
225 3 0.7 5 3 2
476318 2.5923
301924 0.047
344831 0.165
225 3 0.7 7 2 1
614845 3.1379
346594 0.071
417212 0.19
225 5 0.3 5 3 2
213143 2.2141
124798 0.03
140842 0.174
225 5 0.3 7 2 1
247468 2.3652
138629 0.031
161479 0.184
225 5 0.5 5 3 2
382560 2.9689
195722 0.041
231471 0.22
225 5 0.5 7 2 1
402239 3.0689
235347 0.051
266654 0.255
225 5 0.7 5 3 2
540540 3.7689
318628 0.073
362182 0.304
225 5 0.7 7 2 1
551915 3.9898
320529 0.085
361595 0.338
250 1 0.3 5 3 2
247748 1.3153
149169 0.01
194078 0.051
250 1 0.3 7 2 1
300229 1.39
186899 0.014
260902 0.059
250 1 0.5 5 3 2
426601 1.6088
253960 0.021
363454 0.083
250 1 0.5 7 2 1
503331 1.817
282920 0.025
393208 0.087
250 1 0.7 5 3 2
683772 1.9892
364180 0.044
534282 0.121
250 1 0.7 7 2 1
733614 1.909
382866 0.053
563521 0.13
250 2 0.3 5 3 2
268168 1.7915
146025 0.023
192519 0.085
250 2 0.3 7 2 1
315475 1.9028
196484 0.02
238258 0.083
250 2 0.5 5 3 2
421743 2.2991
256314 0.036
325994 0.129
250 2 0.5 7 2 1
517932 2.2852
285813 0.041
385627 0.139
250 2 0.7 5 3 2
640872 2.3524
376022 0.055
476156 0.194
250 2 0.7 7 2 1
770126 2.8616
425659 0.068
556304 0.207
250 3 0.3 5 3 2
267652 2.1081
165732 0.028
210705 0.144
250 3 0.3 7 2 1
261122 2.256
163666 0.035
190120 0.121
250 3 0.5 5 3 2
489542 2.8222
268926 0.043
329699 0.174
250 3 0.5 7 2 1
438890 2.9488
240020 0.048
302066 0.245
250 3 0.7 5 3 2
732528 3.5211
411517 0.083
493704 0.22
250 3 0.7 7 2 1
737189 3.5228
417150 0.072
499332 0.253
250 5 0.3 5 3 2
230293 2.8215
124132 0.037
145363 0.278
250 5 0.3 7 2 1
283832 2.9486
157041 0.076
179179 0.265
250 5 0.5 5 3 2
408557 4.6173
254174 0.078
285415 0.35
250 5 0.5 7 2 1
487051 5.4908
256863 0.159
309196 0.55
250 5 0.7 5 3 2
611368 4.9204
355203 0.236
398301 0.505
250 5 0.7 7 2 1
748311 6.8443
402751 0.156
467502 0.518
275 1 0.3 5 3 2
232310 1.7936
123816 0.013
196791 0.063
275 1 0.3 7 2 1
290157 1.7628
170415 0.015
233412 0.075
275 1 0.5 5 3 2
459327 2.151
237909 0.026
349306 0.114
275 1 0.5 7 2 1
512294 2.2839
254539 0.029
399540 0.118
275 1 0.7 5 3 2
688485 2.2996
393684 0.048
543299 0.202
275 1 0.7 7 2 1
802618 2.3356
415729 0.08
630628 0.175
275 2 0.3 5 3 2
270526 2.2257
147486 0.022
200525 0.113
275 2 0.3 7 2 1
274165 2.3044
144373 0.023
187815 0.109
275 2 0.5 5 3 2
462081 2.7591
268010 0.044
341695 0.144
275 2 0.5 7 2 1
501012 2.9044
273600 0.045
359695 0.163
275 2 0.7 5 3 2
723616 3.3877
418697 0.071
534342 0.22
275 2 0.7 7 2 1
816673 3.7545
429223 0.101
571532 0.254
275 3 0.3 5 3 2
227953 2.8632
140574 0.028
164825 0.136
275 3 0.3 7 2 1
261733 2.721
151636 0.04
183762 0.149
275 3 0.5 5 3 2
441527 3.5509
240303 0.051
305304 0.215
275 3 0.5 7 2 1
451453 3.9235
236018 0.067
290626 0.352
275 3 0.7 5 3 2
744874 4.6345
411128 0.082
493819 0.284
275 3 0.7 7 2 1
792630 4.7582
414289 0.12
511039 0.331
275 5 0.3 5 3 2
264656 3.6169
135199 0.049
162110 0.31
275 5 0.3 7 2 1
245499 3.9755
140645 0.046
168895 0.291
275 5 0.5 5 3 2
481081 5.0046
253801 0.087
293844 0.383
275 5 0.5 7 2 1
473524 5.6149
248366 0.09
287837 0.415
275 5 0.7 5 3 2
750732 6.5613
386060 0.178
450102 0.551
275 5 0.7 7 2 1
738481 7.1628
450811 0.206
504683 0.538
300 1 0.3 5 3 2
333839 2.1807
187898 0.02
271929 0.092
300 1 0.3 7 2 1
322381 2.2777
173742 0.023
268453 0.13
300 1 0.5 5 3 2
582745 2.7053
313141 0.043
459964 0.133
300 1 0.5 7 2 1
619266 2.973
318780 0.051
473424 0.15
300 1 0.7 5 3 2
896440 3.0538
451855 0.084
663763 0.231
300 1 0.7 7 2 1
927634 2.8534
501250 0.084
727414 0.201
300 2 0.3 5 3 2
321514 2.8027
163592 0.03
235701 0.176
300 2 0.3 7 2 1
312845 2.762
158068 0.029
224042 0.15
300 2 0.5 5 3 2
617968 3.3676
326375 0.108
429816 0.2
300 2 0.5 7 2 1
601140 3.6132
302824 0.065
438314 0.255
300 2 0.7 5 3 2
881144 3.7865
492648 0.13
624981 0.285
300 2 0.7 7 2 1
935787 4.7361
497780 0.141
671580 0.301
300 3 0.3 5 3 2
302051 3.3564
157751 0.045
203942 0.18
300 3 0.3 7 2 1
334342 3.3317
194209 0.047
240082 0.236
300 3 0.5 5 3 2
537992 4.3755
267034 0.102
347813 0.289
300 3 0.5 7 2 1
633578 4.6579
334015 0.099
418538 0.301
300 3 0.7 5 3 2
784105 5.1487
448821 0.175
538138 0.487
300 3 0.7 7 2 1
965183 6.2082
504310 0.274
623933 0.517
300 5 0.3 5 3 2
315046 4.5462
164390 0.062
189904 0.325
300 5 0.3 7 2 1
335337 4.8691
190773 0.094
222134 0.562
300 5 0.5 5 3 2
521337 5.9007
280720 0.267
325278 0.573
300 5 0.5 7 2 1
596284 8.2327
306947 0.21
355157 0.597
300 5 0.7 5 3 2
822944 7.6197
453961 0.362
517112 0.73
300 5 0.7 7 2 1
895679 8.7796
463754 0.401
548369 0.998
