10 1 0.3 5 3 2
2734 0.003
2734 0.0
2734 0.026
10 1 0.3 7 2 1
10351 0.003
10268 0.0
10351 0.027
10 1 0.5 5 3 2
23535 0.003
22066 0.0
23535 0.04
10 1 0.5 7 2 1
16445 0.003
12813 0.0
16445 0.03
10 1 0.7 5 3 2
22287 0.003
21597 0.0
22287 0.042
10 1 0.7 7 2 1
24514 0.004
23443 0.0
24514 0.046
10 2 0.3 5 3 2
1420 0.003
1420 0.0
1420 0.034
10 2 0.3 7 2 1
8183 0.002
5258 0.0
6130 0.03
10 2 0.5 5 3 2
8402 0.003
7788 0.0
8402 0.044
10 2 0.5 7 2 1
11248 0.004
11248 0.0
11248 0.044
10 2 0.7 5 3 2
24643 0.003
24643 0.0
24643 0.044
10 2 0.7 7 2 1
22332 0.004
20947 0.0
22326 0.051
10 3 0.3 5 3 2
591 0.005
591 0.0
591 0.039
10 3 0.3 7 2 1
6021 0.004
6021 0.0
6021 0.044
10 3 0.5 5 3 2
13254 0.004
13254 0.0
13254 0.045
10 3 0.5 7 2 1
21721 0.003
18499 0.0
21721 0.045
10 3 0.7 5 3 2
21686 0.003
16251 0.0
20300 0.057
10 3 0.7 7 2 1
29384 0.004
23273 0.0
28927 0.051
10 5 0.3 5 3 2
6742 0.003
6742 0.0
6742 0.048
10 5 0.3 7 2 1
9195 0.004
9195 0.0
9195 0.051
10 5 0.5 5 3 2
12006 0.005
12006 0.0
12006 0.057
10 5 0.5 7 2 1
13215 0.004
13215 0.0
13215 0.065
10 5 0.7 5 3 2
8570 0.004
8138 0.0
8570 0.076
10 5 0.7 7 2 1
13838 0.005
10810 0.0
13213 0.064
20 1 0.3 5 3 2
9526 0.006
9526 0.0
9526 0.088
20 1 0.3 7 2 1
13224 0.007
13224 0.0
13224 0.08
20 1 0.5 5 3 2
12300 0.007
11229 0.0
12300 0.102
20 1 0.5 7 2 1
26868 0.007
21971 0.0
26868 0.094
20 1 0.7 5 3 2
25120 0.007
15972 0.0
25120 0.145
20 1 0.7 7 2 1
40656 0.011
25656 0.0
40656 0.138
20 2 0.3 5 3 2
4937 0.008
4937 0.0
4937 0.102
20 2 0.3 7 2 1
2375 0.007
2375 0.0
2375 0.108
20 2 0.5 5 3 2
11116 0.009
11116 0.0
11116 0.112
20 2 0.5 7 2 1
13610 0.008
13610 0.0
13610 0.11
20 2 0.7 5 3 2
22334 0.01
19283 0.0
22304 0.177
20 2 0.7 7 2 1
18225 0.014
13819 0.001
18222 0.141
20 3 0.3 5 3 2
280 0.007
280 0.001
280 0.094
20 3 0.3 7 2 1
14046 0.007
14046 0.0
14046 0.118
20 3 0.5 5 3 2
3759 0.009
3759 0.0
3759 0.134
20 3 0.5 7 2 1
17124 0.011
14475 0.001
17124 0.143
20 3 0.7 5 3 2
14902 0.012
14902 0.0
14902 0.148
20 3 0.7 7 2 1
42836 0.013
34276 0.0
42727 0.189
20 5 0.3 5 3 2
8824 0.01
8824 0.001
8824 0.178
20 5 0.3 7 2 1
13949 0.008
13949 0.0
13949 0.171
20 5 0.5 5 3 2
7923 0.018
7923 0.001
7923 0.199
20 5 0.5 7 2 1
13556 0.015
13556 0.001
13556 0.211
20 5 0.7 5 3 2
21137 0.015
16688 0.001
20863 0.309
20 5 0.7 7 2 1
25821 0.015
18625 0.0
25220 0.285
30 1 0.3 5 3 2
20318 0.013
15304 0.001
20318 0.195
30 1 0.3 7 2 1
5189 0.013
5189 0.001
5189 0.179
30 1 0.5 5 3 2
54321 0.015
33796 0.0
54321 0.286
30 1 0.5 7 2 1
37283 0.015
26873 0.001
37283 0.264
30 1 0.7 5 3 2
102190 0.017
54974 0.001
100942 0.402
30 1 0.7 7 2 1
77203 0.016
46330 0.001
76598 0.378
30 2 0.3 5 3 2
16325 0.015
12716 0.0
16117 0.223
30 2 0.3 7 2 1
17700 0.017
12431 0.001
17698 0.215
30 2 0.5 5 3 2
40690 0.02
27830 0.0
40345 0.326
30 2 0.5 7 2 1
44496 0.019
25013 0.001
42947 0.328
30 2 0.7 5 3 2
52907 0.02
36687 0.0
52035 0.424
30 2 0.7 7 2 1
76420 0.021
46412 0.0
74857 0.483
30 3 0.3 5 3 2
16979 0.017
10737 0.001
16979 0.304
30 3 0.3 7 2 1
17943 0.023
12774 0.001
17943 0.284
30 3 0.5 5 3 2
35925 0.027
25894 0.001
34238 0.452
30 3 0.5 7 2 1
54934 0.025
32070 0.001
49761 0.542
30 3 0.7 5 3 2
76107 0.026
43778 0.001
73101 0.57
30 3 0.7 7 2 1
77880 0.026
44259 0.001
73454 0.531
30 5 0.3 5 3 2
5144 0.021
5144 0.001
5144 0.367
30 5 0.3 7 2 1
13859 0.033
10571 0.0
13859 0.429
30 5 0.5 5 3 2
27360 0.029
20898 0.001
26696 0.683
30 5 0.5 7 2 1
47896 0.0401
32221 0.0
46215 0.575
30 5 0.7 5 3 2
60953 0.044
38890 0.001
58487 0.923
30 5 0.7 7 2 1
60081 0.04
36269 0.001
56399 1.083
40 1 0.3 5 3 2
42451 0.024
26556 0.0
42297 0.408
40 1 0.3 7 2 1
37100 0.022
36201 0.0
37100 0.364
40 1 0.5 5 3 2
70708 0.025
38312 0.001
69686 0.487
40 1 0.5 7 2 1
88733 0.026
57924 0.0
88733 0.514
40 1 0.7 5 3 2
94474 0.026
74105 0.001
94474 0.581
40 1 0.7 7 2 1
148025 0.033
90101 0.0
148025 0.692
40 2 0.3 5 3 2
31833 0.028
23383 0.001
31833 0.506
40 2 0.3 7 2 1
24460 0.027
18258 0.0
24460 0.452
40 2 0.5 5 3 2
62063 0.033
46634 0.001
59862 0.595
40 2 0.5 7 2 1
83712 0.032
52840 0.0
80485 0.725
40 2 0.7 5 3 2
94716 0.037
67411 0.001
93960 0.682
40 2 0.7 7 2 1
130892 0.043
79402 0.001
129111 0.887
40 3 0.3 5 3 2
42893 0.035
31471 0.001
42893 0.725
40 3 0.3 7 2 1
37228 0.033
33272 0.0
36250 0.57
40 3 0.5 5 3 2
69397 0.048
61090 0.001
68973 0.828
40 3 0.5 7 2 1
73123 0.042
42182 0.001
68160 0.81
40 3 0.7 5 3 2
83024 0.046
62063 0.001
81114 1.018
40 3 0.7 7 2 1
126637 0.051
85908 0.001
121608 1.038
40 5 0.3 5 3 2
38199 0.047
28766 0.001
36620 1.141
40 5 0.3 7 2 1
45968 0.042
35465 0.001
42493 1.039
40 5 0.5 5 3 2
64735 0.052
50693 0.001
61822 1.347
40 5 0.5 7 2 1
80212 0.07
53468 0.002
73182 1.369
40 5 0.7 5 3 2
114493 0.065
75031 0.002
101895 1.845
40 5 0.7 7 2 1
134654 0.105
93877 0.002
123236 1.545
50 1 0.3 5 3 2
44723 0.033
31890 0.001
44292 0.648
50 1 0.3 7 2 1
32661 0.035
21658 0.0
32576 0.654
50 1 0.5 5 3 2
89765 0.035
55831 0.001
89765 0.758
50 1 0.5 7 2 1
93056 0.039
68588 0.0
93056 0.716
50 1 0.7 5 3 2
112747 0.051
74725 0.001
112747 0.926
50 1 0.7 7 2 1
136128 0.046
80356 0.0
135895 1.043
50 2 0.3 5 3 2
48574 0.039
26714 0.001
48228 0.724
50 2 0.3 7 2 1
69890 0.041
46272 0.001
68370 0.805
50 2 0.5 5 3 2
102260 0.052
65137 0.001
97966 1.234
50 2 0.5 7 2 1
101412 0.049
83249 0.001
101294 0.816
50 2 0.7 5 3 2
132253 0.054
88102 0.001
131608 1.184
50 2 0.7 7 2 1
144992 0.061
95491 0.001
143932 1.103
50 3 0.3 5 3 2
46646 0.044
33535 0.001
45690 0.831
50 3 0.3 7 2 1
52017 0.047
26954 0.001
50898 1.044
50 3 0.5 5 3 2
96228 0.055
68917 0.001
93774 1.172
50 3 0.5 7 2 1
99436 0.086
69938 0.002
97402 1.217
50 3 0.7 5 3 2
121015 0.088
80916 0.002
116396 1.666
50 3 0.7 7 2 1
128899 0.089
77029 0.002
120746 1.691
50 5 0.3 5 3 2
36848 0.055
23573 0.002
33192 1.44
50 5 0.3 7 2 1
60879 0.066
31010 0.002
55187 1.458
50 5 0.5 5 3 2
79004 0.095
47861 0.002
72757 2.428
50 5 0.5 7 2 1
132908 0.103
89446 0.002
123154 1.989
50 5 0.7 5 3 2
127585 0.104
70362 0.003
114387 3.087
50 5 0.7 7 2 1
168374 0.124
103111 0.003
152158 2.953
75 1 0.3 5 3 2
39131 0.109
20192 0.001
39131 1.26
75 1 0.3 7 2 1
29144 0.089
19864 0.0
29144 1.206
75 1 0.5 5 3 2
86199 0.098
59628 0.001
86199 1.586
75 1 0.5 7 2 1
118010 0.099
70153 0.001
118010 1.667
75 1 0.7 5 3 2
195647 0.1065
116785 0.002
194990 1.925
75 1 0.7 7 2 1
221582 0.115
120180 0.002
221582 2.44
75 2 0.3 5 3 2
27849 0.096
15313 0.001
27847 1.367
75 2 0.3 7 2 1
38474 0.102
22067 0.001
38446 1.645
75 2 0.5 5 3 2
94292 0.125
62258 0.002
93691 1.761
75 2 0.5 7 2 1
100012 0.119
61114 0.002
97210 2.274
75 2 0.7 5 3 2
196841 0.133
101204 0.002
193671 3.355
75 2 0.7 7 2 1
187369 0.164
114002 0.004
183298 2.726
75 3 0.3 5 3 2
44341 0.109
24548 0.002
39638 2.092
75 3 0.3 7 2 1
40282 0.115
23349 0.002
39881 2.14
75 3 0.5 5 3 2
107956 0.135
58541 0.002
104088 3.454
75 3 0.5 7 2 1
119296 0.1586
66949 0.003
117448 3.71
75 3 0.7 5 3 2
189865 0.1791
117420 0.003
176600 3.352
75 3 0.7 7 2 1
223896 0.206
125714 0.003
210852 4.408
75 5 0.3 5 3 2
34496 0.162
24783 0.003
32930 3.654
75 5 0.3 7 2 1
54283 0.15
30370 0.004
50614 4.269
75 5 0.5 5 3 2
91872 0.198
57237 0.005
85584 6.063
75 5 0.5 7 2 1
100276 0.252
62054 0.006
90817 4.789
75 5 0.7 5 3 2
198058 0.277
125060 0.005
168816 6.606
75 5 0.7 7 2 1
188954 0.335
106517 0.005
163751 6.351
100 1 0.3 5 3 2
130900 0.139
80144 0.002
130899 2.204
100 1 0.3 7 2 1
133072 0.164
90971 0.002
133072 1.931
100 1 0.5 5 3 2
183095 0.158
114506 0.003
183095 2.564
100 1 0.5 7 2 1
184200 0.172
107282 0.003
184129 2.932
100 1 0.7 5 3 2
275285 0.224
135297 0.003
275284 4.235
100 1 0.7 7 2 1
308376 0.244
157707 0.004
306341 3.887
100 2 0.3 5 3 2
123948 0.168
71952 0.003
123504 2.533
100 2 0.3 7 2 1
134355 0.2119
85309 0.002
128602 2.843
100 2 0.5 5 3 2
169029 0.25
118518 0.005
163755 3.433
100 2 0.5 7 2 1
192124 0.266
110821 0.004
187760 5.043
100 2 0.7 5 3 2
246195 0.264
129815 0.006
243800 4.862
100 2 0.7 7 2 1
320671 0.283
166547 0.006
311173 5.166
100 3 0.3 5 3 2
108470 0.225
81369 0.003
106475 4.094
100 3 0.3 7 2 1
134557 0.24
73074 0.004
127120 4.017
100 3 0.5 5 3 2
191030 0.2686
106404 0.005
186799 6.331
100 3 0.5 7 2 1
188242 0.2861
115751 0.006
185071 6.058
100 3 0.7 5 3 2
294271 0.34
163896 0.007
272816 8.642
100 3 0.7 7 2 1
305273 0.411
169393 0.007
276569 9.097
100 5 0.3 5 3 2
110791 0.308
65650 0.006
92894 6.497
100 5 0.3 7 2 1
151221 0.3109
88781 0.007
133438 7.067
100 5 0.5 5 3 2
173575 0.4427
90416 0.007
158303 10.093
100 5 0.5 7 2 1
219925 0.494
116533 0.008
193663 11.478
100 5 0.7 5 3 2
256788 0.5112
141259 0.01
237449 17.02
100 5 0.7 7 2 1
297265 0.669
173360 0.011
273339 18.901
125 1 0.3 5 3 2
133317 0.276
71454 0.003
133317 4.72
125 1 0.3 7 2 1
150037 0.2822
85579 0.003
149490 4.749
125 1 0.5 5 3 2
262352 0.3028
141051 0.005
259646 7.061
125 1 0.5 7 2 1
258766 0.3063
149327 0.005
258766 7.212
125 1 0.7 5 3 2
359100 0.3337
189634 0.006
358373 8.166
125 1 0.7 7 2 1
404682 0.3628
215116 0.007
404682 9.637
125 2 0.3 5 3 2
133277 0.315
67298 0.005
129403 6.064
125 2 0.3 7 2 1
140614 0.2831
81055 0.005
139821 6.438
125 2 0.5 5 3 2
247832 0.397
136023 0.006
242864 8.173
125 2 0.5 7 2 1
261984 0.4847
139350 0.006
254219 11.97
125 2 0.7 5 3 2
362671 0.519
198705 0.012
345161 10.445
125 2 0.7 7 2 1
352540 0.5111
209674 0.009
352326 13.246
125 3 0.3 5 3 2
118063 0.3992
65147 0.006
114392 10.754
125 3 0.3 7 2 1
111295 0.423
68010 0.007
111105 12.828
125 3 0.5 5 3 2
228443 0.5033
123012 0.007
215024 15.858
125 3 0.5 7 2 1
241730 0.5459
139562 0.008
241668 18.131
125 3 0.7 5 3 2
342793 0.6636
187820 0.01
321849 17.408
125 3 0.7 7 2 1
354455 0.7041
185968 0.012
329339 22.074
125 5 0.3 5 3 2
130313 0.5192
80675 0.018
121093 19.172
125 5 0.3 7 2 1
94993 0.5517
72767 0.011
94988 18.665
125 5 0.5 5 3 2
228201 0.7697
128869 0.012
192497 23.912
125 5 0.5 7 2 1
193828 0.7333
121865 0.014
189684 31.52
125 5 0.7 5 3 2
344804 1.0363
174649 0.022
283653 29.877
125 5 0.7 7 2 1
352281 1.0632
207243 0.02
334899 44.327
150 1 0.3 5 3 2
95530 0.385
60552 0.004
95530 4.375
150 1 0.3 7 2 1
148925 0.453
95896 0.003
148925 6.361
150 1 0.5 5 3 2
226045 0.4679
127759 0.009
226043 7.725
150 1 0.5 7 2 1
311717 0.4518
171420 0.006
311715 8.108
150 1 0.7 5 3 2
373440 0.5
201656 0.01
372289 11.901
150 1 0.7 7 2 1
470001 0.6286
267934 0.011
466924 13.65
150 2 0.3 5 3 2
124439 0.4962
64296 0.005
113957 7.845
150 2 0.3 7 2 1
117201 0.466
68427 0.006
117062 9.18
150 2 0.5 5 3 2
283869 0.629
156266 0.007
277102 11.346
150 2 0.5 7 2 1
276404 0.6751
159303 0.009
269538 14.251
150 2 0.7 5 3 2
433539 0.96
231148 0.013
412967 16.598
150 2 0.7 7 2 1
428062 0.9403
232325 0.014
406888 17.605
150 3 0.3 5 3 2
90742 0.5853
52654 0.008
90576 12.373
150 3 0.3 7 2 1
135503 0.6426
68026 0.008
133057 13.826
150 3 0.5 5 3 2
252192 0.881
145668 0.011
233498 19.661
150 3 0.5 7 2 1
295181 0.8861
171941 0.013
283506 24.212
150 3 0.7 5 3 2
399448 1.0205
222851 0.016
361578 22.145
150 3 0.7 7 2 1
440380 1.2324
235674 0.024
398882 31.793
150 5 0.3 5 3 2
131284 0.826
76946 0.015
120756 26.503
150 5 0.3 7 2 1
123874 0.8625
74212 0.012
111514 20.171
150 5 0.5 5 3 2
291545 1.2108
157039 0.018
251254 43.767
150 5 0.5 7 2 1
285111 1.3353
148643 0.018
233223 31.57
150 5 0.7 5 3 2
426062 1.568
235741 0.025
357569 39.389
150 5 0.7 7 2 1
409530 1.6666
220272 0.026
349108 34.416
175 1 0.3 5 3 2
187937 0.5794
109683 0.004
187937 7.829
175 1 0.3 7 2 1
214354 0.5985
127565 0.005
214354 8.769
175 1 0.5 5 3 2
291469 0.6395
179672 0.009
291362 8.524
175 1 0.5 7 2 1
338362 0.7616
211794 0.009
338359 8.508
175 1 0.7 5 3 2
422844 0.8458
254851 0.013
421068 10.766
175 1 0.7 7 2 1
490488 0.8076
282052 0.016
489540 10.397
175 2 0.3 5 3 2
190554 0.8045
106556 0.009
190542 13.056
175 2 0.3 7 2 1
205682 0.8599
123078 0.015
205682 12.198
175 2 0.5 5 3 2
304796 0.8708
176080 0.01
295961 12.085
175 2 0.5 7 2 1
357992 0.9524
201953 0.013
341366 15.998
175 2 0.7 5 3 2
417193 1.1182
239809 0.019
397980 16.162
175 2 0.7 7 2 1
513034 1.1424
277528 0.024
490888 18.423
175 3 0.3 5 3 2
208578 0.8628
113138 0.01
191336 16.096
175 3 0.3 7 2 1
206196 0.9078
126120 0.011
205311 26.107
175 3 0.5 5 3 2
336703 1.1769
176307 0.018
307124 25.846
175 3 0.5 7 2 1
366526 1.1939
194652 0.017
325957 22.177
175 3 0.7 5 3 2
493388 1.4576
261720 0.024
448119 32.529
175 3 0.7 7 2 1
538141 1.5463
275811 0.028
483677 34.464
175 5 0.3 5 3 2
207130 1.1724
108161 0.018
178221 35.525
175 5 0.3 7 2 1
189436 1.2615
112552 0.019
172116 31.106
175 5 0.5 5 3 2
318534 1.6918
179725 0.024
269493 42.32
175 5 0.5 7 2 1
336836 1.9889
166900 0.025
274111 52.861
175 5 0.7 5 3 2
406336 2.1436
234292 0.035
333951 41.986
175 5 0.7 7 2 1
467609 2.5583
256430 0.035
373129 49.897
200 1 0.3 5 3 2
188982 0.7951
106946 0.006
188982 10.887
200 1 0.3 7 2 1
174021 0.8056
102475 0.007
174021 9.782
200 1 0.5 5 3 2
380035 1.0
204755 0.012
378701 14.006
200 1 0.5 7 2 1
402273 1.0543
213163 0.012
402188 22.443
200 1 0.7 5 3 2
570169 1.104
317472 0.023
568746 15.252
200 1 0.7 7 2 1
593059 1.1831
306752 0.022
593059 21.626
200 2 0.3 5 3 2
176543 1.1291
93923 0.01
173063 14.348
200 2 0.3 7 2 1
162910 1.0591
81381 0.01
160030 16.446
200 2 0.5 5 3 2
369785 1.359
199174 0.017
355840 26.718
200 2 0.5 7 2 1
353554 1.4805
184433 0.021
352949 40.152
200 2 0.7 5 3 2
557109 1.61
308119 0.029
544078 40.014
200 2 0.7 7 2 1
582489 1.6977
314923 0.033
560939 45.208
200 3 0.3 5 3 2
182171 1.1783
102660 0.014
176306 42.257
200 3 0.3 7 2 1
209052 1.4139
112291 0.015
190500 26.408
200 3 0.5 5 3 2
360221 1.6371
215090 0.025
333074 38.954
200 3 0.5 7 2 1
382987 1.8049
211070 0.026
342721 40.141
200 3 0.7 5 3 2
528112 1.9954
276127 0.037
457119 46.779
200 3 0.7 7 2 1
550086 1.9804
288130 0.038
506531 73.355
200 5 0.3 5 3 2
161847 1.6195
88826 0.023
139469 41.674
200 5 0.3 7 2 1
210878 1.8821
119163 0.033
177376 49.243
200 5 0.5 5 3 2
300890 2.3646
172505 0.032
258527 63.616
200 5 0.5 7 2 1
366468 2.7362
203067 0.041
305169 73.455
200 5 0.7 5 3 2
465260 2.8867
264726 0.041
388340 73.533
200 5 0.7 7 2 1
520029 3.1908
275211 0.055
413112 86.646
225 1 0.3 5 3 2
214874 1.1586
114441 0.008
213491 15.277
225 1 0.3 7 2 1
272839 1.1061
146486 0.009
272839 19.098
225 1 0.5 5 3 2
424640 1.3686
224576 0.016
423524 32.493
225 1 0.5 7 2 1
435099 1.4378
248584 0.021
431992 18.574
225 1 0.7 5 3 2
577383 1.4444
334516 0.033
576228 22.995
225 1 0.7 7 2 1
626051 1.5821
363501 0.039
623907 26.993
225 2 0.3 5 3 2
220804 1.3387
112510 0.012
214708 21.934
225 2 0.3 7 2 1
271820 1.4168
154126 0.015
270240 34.148
225 2 0.5 5 3 2
374046 1.823
193951 0.025
363893 46.196
225 2 0.5 7 2 1
432789 1.8991
252495 0.029
412844 36.082
225 2 0.7 5 3 2
520695 1.9971
307991 0.041
506530 49.851
225 2 0.7 7 2 1
578292 2.2756
327322 0.05
554221 56.21
225 3 0.3 5 3 2
192306 1.5127
106064 0.022
180899 42.359
225 3 0.3 7 2 1
240051 1.8731
143869 0.028
238260 61.55
225 3 0.5 5 3 2
352623 2.3628
170274 0.028
324630 48.593
225 3 0.5 7 2 1
427252 2.4836
225727 0.037
397285 89.59
225 3 0.7 5 3 2
476318 2.827
301924 0.051
431966 63.189
225 3 0.7 7 2 1
614845 3.1528
346594 0.062
554557 82.5
225 5 0.3 5 3 2
213143 2.2459
124798 0.03
189937 73.201
225 5 0.3 7 2 1
247468 2.5461
138629 0.031
215585 68.35
225 5 0.5 5 3 2
382560 2.9652
195722 0.045
330577 99.773
225 5 0.5 7 2 1
402239 3.1934
235347 0.052
336942 90.7
225 5 0.7 5 3 2
540540 3.8499
318628 0.104
453748 107.252
225 5 0.7 7 2 1
551915 3.9847
320529 0.086
454998 94.351
250 1 0.3 5 3 2
247748 1.3295
149169 0.011
247744 14.562
250 1 0.3 7 2 1
300229 1.3521
186899 0.014
300176 19.914
250 1 0.5 5 3 2
426601 1.6324
253960 0.023
426165 23.275
250 1 0.5 7 2 1
503331 1.7516
282920 0.026
500799 24.922
250 1 0.7 5 3 2
683772 1.8182
364180 0.046
676718 37.667
250 1 0.7 7 2 1
733614 1.9021
382866 0.048
727083 55.023
250 2 0.3 5 3 2
268168 1.7121
146025 0.017
260219 35.591
250 2 0.3 7 2 1
315475 1.8163
196484 0.02
308815 32.355
250 2 0.5 5 3 2
421743 2.2184
256314 0.034
415753 47.899
250 2 0.5 7 2 1
517932 2.2841
285813 0.039
505327 57.176
250 2 0.7 5 3 2
640872 2.3546
376022 0.059
611047 52.21
250 2 0.7 7 2 1
770126 2.8538
425659 0.068
724491 77.779
250 3 0.3 5 3 2
267652 2.0991
165732 0.024
259967 52.518
250 3 0.3 7 2 1
261122 2.1756
163666 0.028
255458 53.279
250 3 0.5 5 3 2
489542 2.8989
268926 0.046
444195 92.498
250 3 0.5 7 2 1
438890 2.998
240020 0.052
410136 101.587
250 3 0.7 5 3 2
732528 3.5282
411517 0.073
639336 71.885
250 3 0.7 7 2 1
737189 3.5177
417150 0.076
660557 99.133
250 5 0.3 5 3 2
230293 2.8239
124132 0.039
204321 97.874
250 5 0.3 7 2 1
283832 3.2109
157041 0.046
247771 131.193
250 5 0.5 5 3 2
408557 3.8961
254174 0.064
360653 171.826
250 5 0.5 7 2 1
487051 4.343
256863 0.087
421401 155.39
250 5 0.7 5 3 2
611368 4.7879
355203 0.12
496746 101.267
250 5 0.7 7 2 1
748311 6.2065
402751 0.178
602537 178.816
275 1 0.3 5 3 2
232310 1.8014
123816 0.014
231537 26.054
275 1 0.3 7 2 1
290157 1.776
170415 0.016
289316 27.019
275 1 0.5 5 3 2
459327 2.157
237909 0.026
457184 42.482
275 1 0.5 7 2 1
512294 2.1929
254539 0.031
511865 51.126
275 1 0.7 5 3 2
688485 2.2387
393684 0.051
685472 49.504
275 1 0.7 7 2 1
802618 2.4009
415729 0.063
797937 67.637
275 2 0.3 5 3 2
270526 2.1412
147486 0.022
266329 48.696
275 2 0.3 7 2 1
274165 2.3337
144373 0.023
271094 65.837
275 2 0.5 5 3 2
462081 2.8319
268010 0.047
438650 56.639
275 2 0.5 7 2 1
501012 2.9108
273600 0.058
472891 53.812
275 2 0.7 5 3 2
723616 3.4844
418697 0.076
685068 81.72
275 2 0.7 7 2 1
816673 3.7084
429223 0.099
776815 123.449
275 3 0.3 5 3 2
227953 2.9802
140574 0.031
221145 74.016
275 3 0.3 7 2 1
261733 3.0921
151636 0.038
251237 80.971
275 3 0.5 5 3 2
441527 3.767
240303 0.049
410382 97.129
275 3 0.5 7 2 1
451453 3.6731
236018 0.054
406034 122.655
275 3 0.7 5 3 2
744874 4.411
411128 0.082
664409 75.374
275 3 0.7 7 2 1
792630 4.8332
414289 0.149
690688 121.022
275 5 0.3 5 3 2
264656 3.54
135199 0.048
227231 153.556
275 5 0.3 7 2 1
245499 3.6387
140645 0.054
221318 121.291
275 5 0.5 5 3 2
481081 4.6363
253801 0.107
398949 112.155
275 5 0.5 7 2 1
473524 5.366
248366 0.076
400136 127.234
275 5 0.7 5 3 2
750732 6.4561
386060 0.215
574563 180.95
275 5 0.7 7 2 1
738481 6.8845
450811 0.205
598836 191.612
300 1 0.3 5 3 2
333839 2.218
187898 0.018
333383 45.102
300 1 0.3 7 2 1
322381 2.3192
173742 0.034
322171 35.926
300 1 0.5 5 3 2
582745 2.6463
313141 0.047
579895 67.531
300 1 0.5 7 2 1
619266 2.8087
318780 0.047
618461 49.066
300 1 0.7 5 3 2
896440 3.0963
451855 0.086
884528 62.587
300 1 0.7 7 2 1
927634 3.0033
501250 0.081
926747 54.595
300 2 0.3 5 3 2
321514 2.6941
163592 0.041
310964 57.418
300 2 0.3 7 2 1
312845 2.6824
158068 0.032
308474 81.682
300 2 0.5 5 3 2
617968 3.4908
326375 0.068
573765 75.657
300 2 0.5 7 2 1
601140 3.8927
302824 0.093
584119 150.093
300 2 0.7 5 3 2
881144 3.9178
492648 0.122
825283 73.526
300 2 0.7 7 2 1
935787 4.9834
497780 0.129
913599 157.159
300 3 0.3 5 3 2
302051 3.284
157751 0.035
278368 97.503
300 3 0.3 7 2 1
334342 3.8024
194209 0.065
316791 128.914
300 3 0.5 5 3 2
537992 4.3663
267034 0.073
492641 108.918
300 3 0.5 7 2 1
633578 4.6843
334015 0.128
570781 153.844
300 3 0.7 5 3 2
784105 4.8838
448821 0.185
674923 112.404
300 3 0.7 7 2 1
965183 5.6798
504310 0.209
846798 145.857
300 5 0.3 5 3 2
315046 4.1998
164390 0.056
267896 129.875
300 5 0.3 7 2 1
335337 4.6585
190773 0.073
294616 206.207
300 5 0.5 5 3 2
521337 5.7286
280720 0.162
435471 263.038
300 5 0.5 7 2 1
596284 7.7411
306947 0.281
470905 209.341
300 5 0.7 5 3 2
822944 7.4132
453961 0.289
662342 202.58
300 5 0.7 7 2 1
895679 9.222
463754 0.552
704201 282.057
