10 1 0.3 5 3 2
2734 0.003
2734 0.0
2734 0.002
10 1 0.3 7 2 1
10351 0.002
10268 0.0
10281 0.002
10 1 0.5 5 3 2
23535 0.003
22066 0.0
23535 0.002
10 1 0.5 7 2 1
16445 0.003
12813 0.0
16445 0.002
10 1 0.7 5 3 2
22287 0.003
21597 0.0
22287 0.002
10 1 0.7 7 2 1
24514 0.003
23443 0.0
24514 0.003
10 2 0.3 5 3 2
1420 0.004
1420 0.0
1420 0.002
10 2 0.3 7 2 1
8183 0.004
5258 0.0
5560 0.002
10 2 0.5 5 3 2
8402 0.003
7788 0.0
8395 0.003
10 2 0.5 7 2 1
11248 0.003
11248 0.0
11248 0.002
10 2 0.7 5 3 2
24643 0.004
24643 0.0
24643 0.003
10 2 0.7 7 2 1
22332 0.003
20947 0.0
21457 0.003
10 3 0.3 5 3 2
591 0.004
591 0.0
591 0.003
10 3 0.3 7 2 1
6021 0.005
6021 0.0
6021 0.002
10 3 0.5 5 3 2
13254 0.006
13254 0.0
13254 0.003
10 3 0.5 7 2 1
21721 0.003
18499 0.0
19730 0.003
10 3 0.7 5 3 2
21686 0.004
16251 0.0
17707 0.004
10 3 0.7 7 2 1
29384 0.006
23273 0.0
27348 0.004
10 5 0.3 5 3 2
6742 0.004
6742 0.0
6742 0.004
10 5 0.3 7 2 1
9195 0.003
9195 0.0
9195 0.003
10 5 0.5 5 3 2
12006 0.006
12006 0.0
12006 0.005
10 5 0.5 7 2 1
13215 0.004
13215 0.0
13215 0.004
10 5 0.7 5 3 2
8570 0.007
8138 0.0
8570 0.004
10 5 0.7 7 2 1
13838 0.004
10810 0.0
11621 0.004
20 1 0.3 5 3 2
9526 0.006
9526 0.0
9526 0.004
20 1 0.3 7 2 1
13224 0.006
13224 0.0
13224 0.005
20 1 0.5 5 3 2
12300 0.006
11229 0.0
12300 0.005
20 1 0.5 7 2 1
26868 0.007
21971 0.0
26868 0.006
20 1 0.7 5 3 2
25120 0.009
15972 0.0
25120 0.007
20 1 0.7 7 2 1
40656 0.008
25656 0.0
40655 0.007
20 2 0.3 5 3 2
4937 0.006
4937 0.0
4937 0.005
20 2 0.3 7 2 1
2375 0.007
2375 0.0
2375 0.005
20 2 0.5 5 3 2
11116 0.008
11116 0.0
11116 0.006
20 2 0.5 7 2 1
13610 0.008
13610 0.0
13610 0.006
20 2 0.7 5 3 2
22334 0.009
19283 0.0
21538 0.008
20 2 0.7 7 2 1
18225 0.011
13819 0.0
17518 0.008
20 3 0.3 5 3 2
280 0.008
280 0.001
280 0.007
20 3 0.3 7 2 1
14046 0.011
14046 0.0
14046 0.006
20 3 0.5 5 3 2
3759 0.009
3759 0.0
3759 0.009
20 3 0.5 7 2 1
17124 0.011
14475 0.0
17124 0.006
20 3 0.7 5 3 2
14902 0.011
14902 0.0
14902 0.008
20 3 0.7 7 2 1
42836 0.013
34276 0.0
40456 0.009
20 5 0.3 5 3 2
8824 0.009
8824 0.001
8824 0.011
20 5 0.3 7 2 1
13949 0.008
13949 0.0
13949 0.008
20 5 0.5 5 3 2
7923 0.012
7923 0.001
7923 0.009
20 5 0.5 7 2 1
13556 0.013
13556 0.001
13556 0.01
20 5 0.7 5 3 2
21137 0.017
16688 0.001
17637 0.015
20 5 0.7 7 2 1
25821 0.02
18625 0.001
23184 0.013
30 1 0.3 5 3 2
20318 0.014
15304 0.0
20318 0.01
30 1 0.3 7 2 1
5189 0.014
5189 0.001
5189 0.009
30 1 0.5 5 3 2
54321 0.016
33796 0.0
54320 0.013
30 1 0.5 7 2 1
37283 0.015
26873 0.001
35851 0.013
30 1 0.7 5 3 2
102190 0.017
54974 0.001
98784 0.019
30 1 0.7 7 2 1
77203 0.026
46330 0.001
76406 0.019
30 2 0.3 5 3 2
16325 0.016
12716 0.0
13689 0.011
30 2 0.3 7 2 1
17700 0.015
12431 0.0
17059 0.011
30 2 0.5 5 3 2
40690 0.02
27830 0.0
38202 0.015
30 2 0.5 7 2 1
44496 0.02
25013 0.001
39806 0.016
30 2 0.7 5 3 2
52907 0.02
36687 0.001
49611 0.024
30 2 0.7 7 2 1
76420 0.022
46412 0.001
67743 0.02
30 3 0.3 5 3 2
16979 0.017
10737 0.0
12726 0.013
30 3 0.3 7 2 1
17943 0.019
12774 0.001
16730 0.014
30 3 0.5 5 3 2
35925 0.022
25894 0.0
29464 0.022
30 3 0.5 7 2 1
54934 0.027
32070 0.001
43610 0.022
30 3 0.7 5 3 2
76107 0.027
43778 0.001
67150 0.027
30 3 0.7 7 2 1
77880 0.027
44259 0.001
69323 0.024
30 5 0.3 5 3 2
5144 0.025
5144 0.001
5144 0.016
30 5 0.3 7 2 1
13859 0.023
10571 0.001
11018 0.017
30 5 0.5 5 3 2
27360 0.04
20898 0.001
25702 0.027
30 5 0.5 7 2 1
47896 0.046
32221 0.001
42843 0.023
30 5 0.7 5 3 2
60953 0.039
38890 0.001
49411 0.04
30 5 0.7 7 2 1
60081 0.047
36269 0.001
52350 0.054
40 1 0.3 5 3 2
42451 0.023
26556 0.0
41252 0.019
40 1 0.3 7 2 1
37100 0.022
36201 0.0
37100 0.017
40 1 0.5 5 3 2
70708 0.026
38312 0.0
69954 0.025
40 1 0.5 7 2 1
88733 0.025
57924 0.0
88689 0.023
40 1 0.7 5 3 2
94474 0.03
74105 0.001
93190 0.027
40 1 0.7 7 2 1
148025 0.031
90101 0.001
139953 0.027
40 2 0.3 5 3 2
31833 0.025
23383 0.001
30757 0.025
40 2 0.3 7 2 1
24460 0.029
18258 0.0
24427 0.022
40 2 0.5 5 3 2
62063 0.034
46634 0.001
56390 0.028
40 2 0.5 7 2 1
83712 0.037
52840 0.0
73759 0.034
40 2 0.7 5 3 2
94716 0.036
67411 0.001
84888 0.029
40 2 0.7 7 2 1
130892 0.038
79402 0.001
104254 0.038
40 3 0.3 5 3 2
42893 0.033
31471 0.0
40165 0.033
40 3 0.3 7 2 1
37228 0.034
33272 0.0
35882 0.032
40 3 0.5 5 3 2
69397 0.041
61090 0.001
65976 0.039
40 3 0.5 7 2 1
73123 0.04
42182 0.0
58901 0.035
40 3 0.7 5 3 2
83024 0.058
62063 0.002
69044 0.041
40 3 0.7 7 2 1
126637 0.049
85908 0.001
107918 0.046
40 5 0.3 5 3 2
38199 0.044
28766 0.001
31577 0.064
40 5 0.3 7 2 1
45968 0.04
35465 0.001
37252 0.044
40 5 0.5 5 3 2
64735 0.055
50693 0.001
56694 0.066
40 5 0.5 7 2 1
80212 0.064
53468 0.002
62405 0.065
40 5 0.7 5 3 2
114493 0.064
75031 0.002
86259 0.089
40 5 0.7 7 2 1
134654 0.087
93877 0.002
103554 0.072
50 1 0.3 5 3 2
44723 0.037
31890 0.001
41971 0.025
50 1 0.3 7 2 1
32661 0.033
21658 0.001
31141 0.024
50 1 0.5 5 3 2
89765 0.036
55831 0.001
89556 0.04
50 1 0.5 7 2 1
93056 0.039
68588 0.001
88073 0.032
50 1 0.7 5 3 2
112747 0.046
74725 0.001
111713 0.045
50 1 0.7 7 2 1
136128 0.042
80356 0.001
132402 0.048
50 2 0.3 5 3 2
48574 0.047
26714 0.001
46011 0.031
50 2 0.3 7 2 1
69890 0.042
46272 0.001
63150 0.04
50 2 0.5 5 3 2
102260 0.061
65137 0.001
92448 0.053
50 2 0.5 7 2 1
101412 0.047
83249 0.001
93012 0.036
50 2 0.7 5 3 2
132253 0.053
88102 0.001
123370 0.057
50 2 0.7 7 2 1
144992 0.063
95491 0.001
134690 0.069
50 3 0.3 5 3 2
46646 0.046
33535 0.001
41013 0.05
50 3 0.3 7 2 1
52017 0.049
26954 0.001
44333 0.051
50 3 0.5 5 3 2
96228 0.055
68917 0.001
80036 0.058
50 3 0.5 7 2 1
99436 0.086
69938 0.002
89366 0.061
50 3 0.7 5 3 2
121015 0.087
80916 0.002
106612 0.071
50 3 0.7 7 2 1
128899 0.095
77029 0.001
102780 0.08
50 5 0.3 5 3 2
36848 0.06
23573 0.002
28249 0.08
50 5 0.3 7 2 1
60879 0.065
31010 0.002
45134 0.067
50 5 0.5 5 3 2
79004 0.101
47861 0.002
62926 0.118
50 5 0.5 7 2 1
132908 0.11
89446 0.002
110123 0.116
50 5 0.7 5 3 2
127585 0.117
70362 0.003
99442 0.13
50 5 0.7 7 2 1
168374 0.135
103111 0.003
123340 0.148
75 1 0.3 5 3 2
39131 0.098
20192 0.001
37309 0.077
75 1 0.3 7 2 1
29144 0.093
19864 0.001
29143 0.068
75 1 0.5 5 3 2
86199 0.1
59628 0.001
84608 0.074
75 1 0.5 7 2 1
118010 0.1034
70153 0.001
117136 0.079
75 1 0.7 5 3 2
195647 0.119
116785 0.002
193805 0.1
75 1 0.7 7 2 1
221582 0.12
120180 0.003
217915 0.134
75 2 0.3 5 3 2
27849 0.104
15313 0.001
27363 0.063
75 2 0.3 7 2 1
38474 0.126
22067 0.001
38045 0.09
75 2 0.5 5 3 2
94292 0.1401
62258 0.002
83236 0.09
75 2 0.5 7 2 1
100012 0.137
61114 0.002
93323 0.112
75 2 0.7 5 3 2
196841 0.137
101204 0.002
175210 0.151
75 2 0.7 7 2 1
187369 0.169
114002 0.003
169687 0.129
75 3 0.3 5 3 2
44341 0.109
24548 0.002
35363 0.104
75 3 0.3 7 2 1
40282 0.128
23349 0.002
36544 0.119
75 3 0.5 5 3 2
107956 0.1651
58541 0.002
90841 0.147
75 3 0.5 7 2 1
119296 0.166
66949 0.002
106531 0.147
75 3 0.7 5 3 2
189865 0.2036
117420 0.005
162857 0.2
75 3 0.7 7 2 1
223896 0.1928
125714 0.004
187780 0.209
75 5 0.3 5 3 2
34496 0.145
24783 0.004
29866 0.242
75 5 0.3 7 2 1
54283 0.157
30370 0.005
44060 0.229
75 5 0.5 5 3 2
91872 0.223
57237 0.004
77480 0.314
75 5 0.5 7 2 1
100276 0.248
62054 0.005
79618 0.268
75 5 0.7 5 3 2
198058 0.28
125060 0.005
160983 0.406
75 5 0.7 7 2 1
188954 0.298
106517 0.008
138297 0.374
100 1 0.3 5 3 2
130900 0.165
80144 0.002
124618 0.104
100 1 0.3 7 2 1
133072 0.169
90971 0.002
129544 0.112
100 1 0.5 5 3 2
183095 0.1707
114506 0.003
181365 0.153
100 1 0.5 7 2 1
184200 0.181
107282 0.003
182836 0.162
100 1 0.7 5 3 2
275285 0.2515
135297 0.004
263709 0.229
100 1 0.7 7 2 1
308376 0.258
157707 0.005
300241 0.212
100 2 0.3 5 3 2
123948 0.199
71952 0.003
113899 0.142
100 2 0.3 7 2 1
134355 0.271
85309 0.003
117138 0.149
100 2 0.5 5 3 2
169029 0.243
118518 0.004
154181 0.195
100 2 0.5 7 2 1
192124 0.2933
110821 0.004
175625 0.241
100 2 0.7 5 3 2
246195 0.305
129815 0.005
219835 0.242
100 2 0.7 7 2 1
320671 0.3201
166547 0.005
268055 0.242
100 3 0.3 5 3 2
108470 0.2639
81369 0.004
97898 0.224
100 3 0.3 7 2 1
134557 0.2584
73074 0.003
102444 0.207
100 3 0.5 5 3 2
191030 0.319
106404 0.005
163994 0.263
100 3 0.5 7 2 1
188242 0.333
115751 0.006
170014 0.284
100 3 0.7 5 3 2
294271 0.377
163896 0.006
226470 0.405
100 3 0.7 7 2 1
305273 0.482
169393 0.007
242191 0.467
100 5 0.3 5 3 2
110791 0.338
65650 0.006
78981 0.388
100 5 0.3 7 2 1
151221 0.334
88781 0.006
115509 0.424
100 5 0.5 5 3 2
173575 0.5303
90416 0.007
131931 0.509
100 5 0.5 7 2 1
219925 0.5749
116533 0.01
158600 0.532
100 5 0.7 5 3 2
256788 0.604
141259 0.009
205657 0.8
100 5 0.7 7 2 1
297265 0.719
173360 0.011
230756 0.879
125 1 0.3 5 3 2
133317 0.295
71454 0.002
132064 0.209
125 1 0.3 7 2 1
150037 0.282
85579 0.003
147725 0.225
125 1 0.5 5 3 2
262352 0.3185
141051 0.005
254953 0.367
125 1 0.5 7 2 1
258766 0.3116
149327 0.004
258766 0.329
125 1 0.7 5 3 2
359100 0.331
189634 0.006
354660 0.382
125 1 0.7 7 2 1
404682 0.3509
215116 0.007
400171 0.424
125 2 0.3 5 3 2
133277 0.296
67298 0.004
124260 0.311
125 2 0.3 7 2 1
140614 0.318
81055 0.004
133709 0.366
125 2 0.5 5 3 2
247832 0.418
136023 0.005
216262 0.376
125 2 0.5 7 2 1
261984 0.4473
139350 0.006
245370 0.497
125 2 0.7 5 3 2
362671 0.457
198705 0.008
317638 0.449
125 2 0.7 7 2 1
352540 0.4785
209674 0.01
351199 0.669
125 3 0.3 5 3 2
118063 0.375
65147 0.006
104447 0.4
125 3 0.3 7 2 1
111295 0.4526
68010 0.007
105135 0.456
125 3 0.5 5 3 2
228443 0.506
123012 0.007
196286 0.643
125 3 0.5 7 2 1
241730 0.5041
139562 0.008
219389 0.637
125 3 0.7 5 3 2
342793 0.6871
187820 0.011
271668 0.633
125 3 0.7 7 2 1
354455 0.6701
185968 0.012
296878 0.881
125 5 0.3 5 3 2
130313 0.4596
80675 0.009
110681 0.752
125 5 0.3 7 2 1
94993 0.521
72767 0.01
92116 0.851
125 5 0.5 5 3 2
228201 0.7386
128869 0.014
167790 1.017
125 5 0.5 7 2 1
193828 0.7329
121865 0.014
183255 1.645
125 5 0.7 5 3 2
344804 0.9929
174649 0.018
234483 1.199
125 5 0.7 7 2 1
352281 1.0517
207243 0.018
294783 2.09
150 1 0.3 5 3 2
95530 0.444
60552 0.004
95529 0.263
150 1 0.3 7 2 1
148925 0.4479
95896 0.004
148925 0.338
150 1 0.5 5 3 2
226045 0.4997
127759 0.006
224347 0.474
150 1 0.5 7 2 1
311717 0.5163
171420 0.009
303535 0.485
150 1 0.7 5 3 2
373440 0.54
201656 0.015
364725 0.613
150 1 0.7 7 2 1
470001 0.643
267934 0.014
462300 0.672
150 2 0.3 5 3 2
124439 0.5006
64296 0.005
110234 0.453
150 2 0.3 7 2 1
117201 0.5705
68427 0.006
115097 0.488
150 2 0.5 5 3 2
283869 0.734
156266 0.008
263957 0.728
150 2 0.5 7 2 1
276404 0.7536
159303 0.009
251299 0.712
150 2 0.7 5 3 2
433539 0.9806
231148 0.013
375046 0.806
150 2 0.7 7 2 1
428062 1.0006
232325 0.015
374620 0.876
150 3 0.3 5 3 2
90742 0.6541
52654 0.009
86658 0.703
150 3 0.3 7 2 1
135503 0.6745
68026 0.009
121538 0.815
150 3 0.5 5 3 2
252192 0.9252
145668 0.01
202904 1.044
150 3 0.5 7 2 1
295181 0.9261
171941 0.014
254322 1.138
150 3 0.7 5 3 2
399448 1.0701
222851 0.014
294741 0.977
150 3 0.7 7 2 1
440380 1.2651
235674 0.02
358883 1.948
150 5 0.3 5 3 2
131284 0.9165
76946 0.013
110689 1.567
150 5 0.3 7 2 1
123874 1.0138
74212 0.015
91609 1.24
150 5 0.5 5 3 2
291545 1.3805
157039 0.019
224024 2.249
150 5 0.5 7 2 1
285111 1.5019
148643 0.019
197083 1.746
150 5 0.7 5 3 2
426062 1.7729
235741 0.04
289006 2.184
150 5 0.7 7 2 1
409530 1.8383
220272 0.026
291678 2.088
175 1 0.3 5 3 2
187937 0.62
109683 0.005
186544 0.465
175 1 0.3 7 2 1
214354 0.676
127565 0.007
212696 0.461
175 1 0.5 5 3 2
291469 0.6757
179672 0.01
273332 0.518
175 1 0.5 7 2 1
338362 0.8587
211794 0.01
323680 0.515
175 1 0.7 5 3 2
422844 0.942
254851 0.014
394174 0.678
175 1 0.7 7 2 1
490488 0.9187
282052 0.02
462792 0.646
175 2 0.3 5 3 2
190554 0.852
106556 0.008
185360 0.678
175 2 0.3 7 2 1
205682 0.8933
123078 0.008
203948 0.68
175 2 0.5 5 3 2
304796 1.0247
176080 0.014
263454 0.776
175 2 0.5 7 2 1
357992 1.0159
201953 0.017
308401 0.835
175 2 0.7 5 3 2
417193 1.275
239809 0.018
369317 0.9
175 2 0.7 7 2 1
513034 1.327
277528 0.024
456799 1.069
175 3 0.3 5 3 2
208578 0.98
113138 0.011
171034 0.922
175 3 0.3 7 2 1
206196 1.0483
126120 0.012
197721 1.407
175 3 0.5 5 3 2
336703 1.3155
176307 0.017
267685 1.349
175 3 0.5 7 2 1
366526 1.3465
194652 0.02
269171 1.184
175 3 0.7 5 3 2
493388 1.7042
261720 0.027
374118 1.646
175 3 0.7 7 2 1
538141 1.7597
275811 0.027
423629 1.412
175 5 0.3 5 3 2
207130 1.3614
108161 0.021
145222 1.67
175 5 0.3 7 2 1
189436 1.3918
112552 0.018
146198 1.521
175 5 0.5 5 3 2
318534 1.9844
179725 0.03
227103 2.247
175 5 0.5 7 2 1
336836 2.2377
166900 0.034
235749 2.676
175 5 0.7 5 3 2
406336 2.3451
234292 0.041
288285 2.419
175 5 0.7 7 2 1
467609 2.9052
256430 0.048
316784 2.836
200 1 0.3 5 3 2
188982 0.8903
106946 0.008
188591 0.69
200 1 0.3 7 2 1
174021 0.9549
102475 0.009
173027 0.652
200 1 0.5 5 3 2
380035 1.1068
204755 0.012
369386 0.816
200 1 0.5 7 2 1
402273 1.206
213163 0.013
401192 1.464
200 1 0.7 5 3 2
570169 1.2813
317472 0.022
546300 0.91
200 1 0.7 7 2 1
593059 1.3091
306752 0.033
581734 1.188
200 2 0.3 5 3 2
176543 1.1743
93923 0.01
153153 0.809
200 2 0.3 7 2 1
162910 1.1463
81381 0.011
154864 1.191
200 2 0.5 5 3 2
369785 1.551
199174 0.02
327398 1.365
200 2 0.5 7 2 1
353554 1.6634
184433 0.026
321044 1.67
200 2 0.7 5 3 2
557109 1.7486
308119 0.039
507341 2.084
200 2 0.7 7 2 1
582489 1.7995
314923 0.039
526326 2.123
200 3 0.3 5 3 2
182171 1.2787
102660 0.015
161512 1.889
200 3 0.3 7 2 1
209052 1.5139
112291 0.016
167318 1.353
200 3 0.5 5 3 2
360221 1.6821
215090 0.029
291716 1.831
200 3 0.5 7 2 1
382987 2.0389
211070 0.026
312419 1.885
200 3 0.7 5 3 2
528112 2.2104
276127 0.036
442114 2.701
200 3 0.7 7 2 1
550086 2.2771
288130 0.045
451672 2.874
200 5 0.3 5 3 2
161847 1.7152
88826 0.024
123237 2.268
200 5 0.3 7 2 1
210878 2.0977
119163 0.037
158983 2.433
200 5 0.5 5 3 2
300890 2.5081
172505 0.033
235930 3.243
200 5 0.5 7 2 1
366468 2.5784
203067 0.039
271352 3.25
200 5 0.7 5 3 2
465260 2.9911
264726 0.045
322689 2.733
200 5 0.7 7 2 1
520029 3.2231
275211 0.079
355883 3.787
225 1 0.3 5 3 2
214874 1.1001
114441 0.009
207371 0.807
225 1 0.3 7 2 1
272839 1.1188
146486 0.01
272839 0.933
225 1 0.5 5 3 2
424640 1.3852
224576 0.017
415183 1.412
225 1 0.5 7 2 1
435099 1.4463
248584 0.026
413179 1.028
225 1 0.7 5 3 2
577383 1.476
334516 0.038
564419 1.068
225 1 0.7 7 2 1
626051 1.5872
363501 0.04
601032 1.444
225 2 0.3 5 3 2
220804 1.4104
112510 0.013
195286 1.057
225 2 0.3 7 2 1
271820 1.4742
154126 0.016
266680 1.393
225 2 0.5 5 3 2
374046 1.8711
193951 0.027
316013 1.229
225 2 0.5 7 2 1
432789 1.8791
252495 0.027
376578 1.49
225 2 0.7 5 3 2
520695 1.9178
307991 0.046
481679 2.105
225 2 0.7 7 2 1
578292 2.2502
327322 0.051
521634 2.621
225 3 0.3 5 3 2
192306 1.4462
106064 0.018
164491 1.875
225 3 0.3 7 2 1
240051 1.7668
143869 0.019
215907 2.056
225 3 0.5 5 3 2
352623 2.2373
170274 0.035
277683 2.019
225 3 0.5 7 2 1
427252 2.3736
225727 0.037
343341 3.107
225 3 0.7 5 3 2
476318 2.5201
301924 0.048
385243 2.101
225 3 0.7 7 2 1
614845 3.0435
346594 0.064
485824 2.429
225 5 0.3 5 3 2
213143 2.2402
124798 0.039
154888 2.513
225 5 0.3 7 2 1
247468 2.3899
138629 0.031
177784 2.716
225 5 0.5 5 3 2
382560 2.9313
195722 0.048
282973 3.432
225 5 0.5 7 2 1
402239 3.1281
235347 0.056
304784 3.63
225 5 0.7 5 3 2
540540 3.8374
318628 0.082
411680 4.931
225 5 0.7 7 2 1
551915 4.1463
320529 0.098
400883 5.117
250 1 0.3 5 3 2
247748 1.3835
149169 0.012
246059 0.848
250 1 0.3 7 2 1
300229 1.4091
186899 0.014
294702 1.091
250 1 0.5 5 3 2
426601 1.7335
253960 0.026
422800 1.366
250 1 0.5 7 2 1
503331 1.7943
282920 0.028
488807 1.331
250 1 0.7 5 3 2
683772 1.8865
364180 0.049
664787 2.016
250 1 0.7 7 2 1
733614 1.9559
382866 0.049
698980 2.086
250 2 0.3 5 3 2
268168 1.8061
146025 0.021
238037 1.524
250 2 0.3 7 2 1
315475 1.9028
196484 0.022
286453 1.563
250 2 0.5 5 3 2
421743 2.3283
256314 0.036
387477 2.138
250 2 0.5 7 2 1
517932 2.3734
285813 0.044
475370 2.652
250 2 0.7 5 3 2
640872 2.476
376022 0.062
562001 2.37
250 2 0.7 7 2 1
770126 2.9367
425659 0.077
692803 3.429
250 3 0.3 5 3 2
267652 2.0979
165732 0.025
243960 2.256
250 3 0.3 7 2 1
261122 2.1716
163666 0.025
221408 2.09
250 3 0.5 5 3 2
489542 2.8383
268926 0.042
404730 3.33
250 3 0.5 7 2 1
438890 2.9673
240020 0.054
367580 4.665
250 3 0.7 5 3 2
732528 3.4765
411517 0.084
566312 3.03
250 3 0.7 7 2 1
737189 3.514
417150 0.08
594233 3.666
250 5 0.3 5 3 2
230293 2.903
124132 0.041
184450 4.392
250 5 0.3 7 2 1
283832 3.1964
157041 0.049
209454 4.64
250 5 0.5 5 3 2
408557 3.8693
254174 0.089
303720 5.121
250 5 0.5 7 2 1
487051 4.4703
256863 0.103
374004 6.185
250 5 0.7 5 3 2
611368 4.5617
355203 0.146
426983 5.067
250 5 0.7 7 2 1
748311 5.996
402751 0.161
504802 6.33
275 1 0.3 5 3 2
232310 2.1068
123816 0.014
231021 1.134
275 1 0.3 7 2 1
290157 1.8236
170415 0.016
281186 1.453
275 1 0.5 5 3 2
459327 2.1354
237909 0.026
442073 2.042
275 1 0.5 7 2 1
512294 2.3302
254539 0.032
506594 1.866
275 1 0.7 5 3 2
688485 2.4517
393684 0.084
652055 2.245
275 1 0.7 7 2 1
802618 2.4078
415729 0.063
780618 2.897
275 2 0.3 5 3 2
270526 2.2766
147486 0.023
252078 2.383
275 2 0.3 7 2 1
274165 2.6672
144373 0.031
246669 2.823
275 2 0.5 5 3 2
462081 2.953
268010 0.055
405624 2.552
275 2 0.5 7 2 1
501012 2.8168
273600 0.045
430066 2.316
275 2 0.7 5 3 2
723616 3.3718
418697 0.076
634224 3.377
275 2 0.7 7 2 1
816673 3.6745
429223 0.083
733340 5.041
275 3 0.3 5 3 2
227953 2.8027
140574 0.029
201853 2.567
275 3 0.3 7 2 1
261733 2.9265
151636 0.035
217622 3.058
275 3 0.5 5 3 2
441527 3.6389
240303 0.056
369922 4.241
275 3 0.5 7 2 1
451453 3.8191
236018 0.058
363661 4.923
275 3 0.7 5 3 2
744874 4.5972
411128 0.088
572626 3.353
275 3 0.7 7 2 1
792630 4.664
414289 0.109
601228 4.936
275 5 0.3 5 3 2
264656 4.0399
135199 0.05
205062 7.905
275 5 0.3 7 2 1
245499 4.1605
140645 0.051
182629 6.881
275 5 0.5 5 3 2
481081 5.274
253801 0.116
313442 5.687
275 5 0.5 7 2 1
473524 6.3595
248366 0.108
335807 6.649
275 5 0.7 5 3 2
750732 6.9499
386060 0.275
494414 9.745
275 5 0.7 7 2 1
738481 8.1543
450811 0.435
527819 10.394
300 1 0.3 5 3 2
333839 2.3819
187898 0.02
322823 1.921
300 1 0.3 7 2 1
322381 2.4845
173742 0.029
307305 1.768
300 1 0.5 5 3 2
582745 2.9453
313141 0.068
566401 3.504
300 1 0.5 7 2 1
619266 3.0845
318780 0.075
591693 2.17
300 1 0.7 5 3 2
896440 3.1701
451855 0.165
817161 2.571
300 1 0.7 7 2 1
927634 3.1326
501250 0.099
896448 2.844
300 2 0.3 5 3 2
321514 2.9679
163592 0.03
288130 3.357
300 2 0.3 7 2 1
312845 3.0631
158068 0.032
286191 3.657
300 2 0.5 5 3 2
617968 3.6749
326375 0.072
528466 3.16
300 2 0.5 7 2 1
601140 3.9075
302824 0.099
518677 6.987
300 2 0.7 5 3 2
881144 4.2267
492648 0.207
757688 3.53
300 2 0.7 7 2 1
935787 4.9163
497780 0.29
828707 5.646
300 3 0.3 5 3 2
302051 3.5368
157751 0.036
241396 3.785
300 3 0.3 7 2 1
334342 3.6477
194209 0.058
275096 5.017
300 3 0.5 5 3 2
537992 4.8031
267034 0.134
424753 4.274
300 3 0.5 7 2 1
633578 4.8831
334015 0.19
501300 6.91
300 3 0.7 5 3 2
784105 5.5971
448821 0.34
610911 5.642
300 3 0.7 7 2 1
965183 6.5287
504310 0.384
760167 7.517
300 5 0.3 5 3 2
315046 4.6465
164390 0.069
229029 7.103
300 5 0.3 7 2 1
335337 5.0171
190773 0.097
249686 9.649
300 5 0.5 5 3 2
521337 6.2934
280720 0.272
378216 10.558
300 5 0.5 7 2 1
596284 7.485
306947 0.239
400190 9.24
300 5 0.7 5 3 2
822944 7.3365
453961 0.28
567611 8.365
300 5 0.7 7 2 1
895679 8.6274
463754 0.442
618357 10.833
