10 1 0.3 5 3 2
2734 0.002
2734 0.0
2734 0.0
10 1 0.3 7 2 1
10351 0.003
10268 0.0
10268 0.0
10 1 0.5 5 3 2
23535 0.003
22066 0.0
23535 0.0
10 1 0.5 7 2 1
16445 0.003
12813 0.0
13399 0.0
10 1 0.7 5 3 2
22287 0.003
21597 0.0
22117 0.001
10 1 0.7 7 2 1
24514 0.003
23443 0.0
23870 0.0
10 2 0.3 5 3 2
1420 0.004
1420 0.0
1420 0.0
10 2 0.3 7 2 1
8183 0.003
5258 0.0
5258 0.0
10 2 0.5 5 3 2
8402 0.003
7788 0.0
8309 0.0
10 2 0.5 7 2 1
11248 0.003
11248 0.0
11248 0.001
10 2 0.7 5 3 2
24643 0.003
24643 0.0
24643 0.001
10 2 0.7 7 2 1
22332 0.003
20947 0.0
20947 0.0
10 3 0.3 5 3 2
591 0.003
591 0.0
591 0.0
10 3 0.3 7 2 1
6021 0.003
6021 0.0
6021 0.0
10 3 0.5 5 3 2
13254 0.004
13254 0.0
13254 0.0
10 3 0.5 7 2 1
21721 0.004
18499 0.0
20920 0.001
10 3 0.7 5 3 2
21686 0.004
16251 0.0
17484 0.001
10 3 0.7 7 2 1
29384 0.005
23273 0.0
25172 0.001
10 5 0.3 5 3 2
6742 0.004
6742 0.0
6742 0.001
10 5 0.3 7 2 1
9195 0.004
9195 0.0
9195 0.001
10 5 0.5 5 3 2
12006 0.003
12006 0.0
12006 0.001
10 5 0.5 7 2 1
13215 0.004
13215 0.0
13215 0.001
10 5 0.7 5 3 2
8570 0.005
8138 0.0
8570 0.001
10 5 0.7 7 2 1
13838 0.005
10810 0.0
10810 0.001
20 1 0.3 5 3 2
9526 0.006
9526 0.0
9526 0.001
20 1 0.3 7 2 1
13224 0.008
13224 0.0
13224 0.001
20 1 0.5 5 3 2
12300 0.007
11229 0.0
12300 0.002
20 1 0.5 7 2 1
26868 0.007
21971 0.0
25458 0.001
20 1 0.7 5 3 2
25120 0.007
15972 0.0
22916 0.002
20 1 0.7 7 2 1
40656 0.008
25656 0.0
36444 0.001
20 2 0.3 5 3 2
4937 0.009
4937 0.0
4937 0.002
20 2 0.3 7 2 1
2375 0.008
2375 0.0
2375 0.002
20 2 0.5 5 3 2
11116 0.0081
11116 0.0
11116 0.001
20 2 0.5 7 2 1
13610 0.008
13610 0.0
13610 0.001
20 2 0.7 5 3 2
22334 0.009
19283 0.0
20860 0.003
20 2 0.7 7 2 1
18225 0.012
13819 0.0
15864 0.002
20 3 0.3 5 3 2
280 0.007
280 0.0
280 0.002
20 3 0.3 7 2 1
14046 0.008
14046 0.0
14046 0.001
20 3 0.5 5 3 2
3759 0.014
3759 0.001
3759 0.002
20 3 0.5 7 2 1
17124 0.01
14475 0.0
15951 0.002
20 3 0.7 5 3 2
14902 0.011
14902 0.0
14902 0.003
20 3 0.7 7 2 1
42836 0.011
34276 0.0
37205 0.002
20 5 0.3 5 3 2
8824 0.009
8824 0.0
8824 0.002
20 5 0.3 7 2 1
13949 0.01
13949 0.0
13949 0.002
20 5 0.5 5 3 2
7923 0.012
7923 0.0
7923 0.002
20 5 0.5 7 2 1
13556 0.016
13556 0.0
13556 0.002
20 5 0.7 5 3 2
21137 0.015
16688 0.0
16781 0.003
20 5 0.7 7 2 1
25821 0.016
18625 0.0
20217 0.003
30 1 0.3 5 3 2
20318 0.019
15304 0.0
19779 0.002
30 1 0.3 7 2 1
5189 0.013
5189 0.0
5189 0.002
30 1 0.5 5 3 2
54321 0.017
33796 0.001
47443 0.003
30 1 0.5 7 2 1
37283 0.015
26873 0.001
35273 0.002
30 1 0.7 5 3 2
102190 0.017
54974 0.001
80923 0.003
30 1 0.7 7 2 1
77203 0.017
46330 0.0
70936 0.004
30 2 0.3 5 3 2
16325 0.015
12716 0.0
13558 0.003
30 2 0.3 7 2 1
17700 0.016
12431 0.0
14579 0.003
30 2 0.5 5 3 2
40690 0.018
27830 0.001
31921 0.003
30 2 0.5 7 2 1
44496 0.018
25013 0.001
32591 0.004
30 2 0.7 5 3 2
52907 0.022
36687 0.001
42563 0.005
30 2 0.7 7 2 1
76420 0.022
46412 0.001
58274 0.005
30 3 0.3 5 3 2
16979 0.017
10737 0.001
11155 0.003
30 3 0.3 7 2 1
17943 0.018
12774 0.001
14249 0.003
30 3 0.5 5 3 2
35925 0.023
25894 0.001
27601 0.005
30 3 0.5 7 2 1
54934 0.025
32070 0.001
39263 0.005
30 3 0.7 5 3 2
76107 0.027
43778 0.001
54180 0.005
30 3 0.7 7 2 1
77880 0.028
44259 0.001
56861 0.005
30 5 0.3 5 3 2
5144 0.024
5144 0.001
5144 0.004
30 5 0.3 7 2 1
13859 0.025
10571 0.0
11545 0.005
30 5 0.5 5 3 2
27360 0.029
20898 0.001
22457 0.006
30 5 0.5 7 2 1
47896 0.035
32221 0.001
36917 0.005
30 5 0.7 5 3 2
60953 0.038
38890 0.001
44823 0.008
30 5 0.7 7 2 1
60081 0.05
36269 0.001
44008 0.008
40 1 0.3 5 3 2
42451 0.026
26556 0.0
37808 0.003
40 1 0.3 7 2 1
37100 0.022
36201 0.0
37100 0.005
40 1 0.5 5 3 2
70708 0.026
38312 0.0
58444 0.006
40 1 0.5 7 2 1
88733 0.027
57924 0.0
77482 0.007
40 1 0.7 5 3 2
94474 0.028
74105 0.0
85913 0.006
40 1 0.7 7 2 1
148025 0.029
90101 0.001
125093 0.006
40 2 0.3 5 3 2
31833 0.023
23383 0.0
27578 0.004
40 2 0.3 7 2 1
24460 0.027
18258 0.0
22557 0.004
40 2 0.5 5 3 2
62063 0.044
46634 0.001
51604 0.005
40 2 0.5 7 2 1
83712 0.042
52840 0.0
63455 0.006
40 2 0.7 5 3 2
94716 0.04
67411 0.0
78418 0.007
40 2 0.7 7 2 1
130892 0.037
79402 0.0
97788 0.007
40 3 0.3 5 3 2
42893 0.035
31471 0.001
35953 0.006
40 3 0.3 7 2 1
37228 0.031
33272 0.001
34383 0.008
40 3 0.5 5 3 2
69397 0.036
61090 0.0
63967 0.007
40 3 0.5 7 2 1
73123 0.043
42182 0.001
52015 0.007
40 3 0.7 5 3 2
83024 0.048
62063 0.001
67520 0.009
40 3 0.7 7 2 1
126637 0.062
85908 0.002
96324 0.011
40 5 0.3 5 3 2
38199 0.038
28766 0.001
30666 0.008
40 5 0.3 7 2 1
45968 0.042
35465 0.001
37254 0.009
40 5 0.5 5 3 2
64735 0.072
50693 0.001
51407 0.011
40 5 0.5 7 2 1
80212 0.053
53468 0.001
59612 0.011
40 5 0.7 5 3 2
114493 0.069
75031 0.001
80112 0.013
40 5 0.7 7 2 1
134654 0.088
93877 0.002
102287 0.018
50 1 0.3 5 3 2
44723 0.032
31890 0.001
41179 0.005
50 1 0.3 7 2 1
32661 0.034
21658 0.001
31616 0.006
50 1 0.5 5 3 2
89765 0.038
55831 0.001
77781 0.009
50 1 0.5 7 2 1
93056 0.042
68588 0.001
83728 0.007
50 1 0.7 5 3 2
112747 0.041
74725 0.001
94906 0.009
50 1 0.7 7 2 1
136128 0.05
80356 0.001
117627 0.01
50 2 0.3 5 3 2
48574 0.037
26714 0.0
36122 0.006
50 2 0.3 7 2 1
69890 0.04
46272 0.001
57838 0.006
50 2 0.5 5 3 2
102260 0.05
65137 0.001
84243 0.01
50 2 0.5 7 2 1
101412 0.049
83249 0.001
91007 0.009
50 2 0.7 5 3 2
132253 0.055
88102 0.001
109262 0.012
50 2 0.7 7 2 1
144992 0.059
95491 0.001
118096 0.012
50 3 0.3 5 3 2
46646 0.048
33535 0.001
36617 0.01
50 3 0.3 7 2 1
52017 0.057
26954 0.001
34560 0.009
50 3 0.5 5 3 2
96228 0.058
68917 0.001
77899 0.011
50 3 0.5 7 2 1
99436 0.086
69938 0.001
79428 0.012
50 3 0.7 5 3 2
121015 0.093
80916 0.002
94595 0.015
50 3 0.7 7 2 1
128899 0.083
77029 0.002
98924 0.015
50 5 0.3 5 3 2
36848 0.066
23573 0.001
25236 0.013
50 5 0.3 7 2 1
60879 0.061
31010 0.002
36212 0.013
50 5 0.5 5 3 2
79004 0.111
47861 0.003
58136 0.02
50 5 0.5 7 2 1
132908 0.11
89446 0.002
99010 0.027
50 5 0.7 5 3 2
127585 0.118
70362 0.002
81573 0.026
50 5 0.7 7 2 1
168374 0.13
103111 0.003
116256 0.026
75 1 0.3 5 3 2
39131 0.094
20192 0.001
35844 0.01
75 1 0.3 7 2 1
29144 0.093
19864 0.001
28686 0.01
75 1 0.5 5 3 2
86199 0.099
59628 0.001
74472 0.022
75 1 0.5 7 2 1
118010 0.111
70153 0.001
97650 0.015
75 1 0.7 5 3 2
195647 0.122
116785 0.002
159383 0.023
75 1 0.7 7 2 1
221582 0.14
120180 0.002
182788 0.019
75 2 0.3 5 3 2
27849 0.1081
15313 0.001
20719 0.013
75 2 0.3 7 2 1
38474 0.113
22067 0.001
31909 0.014
75 2 0.5 5 3 2
94292 0.134
62258 0.002
74522 0.018
75 2 0.5 7 2 1
100012 0.132
61114 0.002
74361 0.027
75 2 0.7 5 3 2
196841 0.144
101204 0.003
135399 0.025
75 2 0.7 7 2 1
187369 0.1561
114002 0.002
136903 0.026
75 3 0.3 5 3 2
44341 0.1206
24548 0.002
25721 0.017
75 3 0.3 7 2 1
40282 0.133
23349 0.002
29534 0.021
75 3 0.5 5 3 2
107956 0.168
58541 0.002
73904 0.029
75 3 0.5 7 2 1
119296 0.146
66949 0.003
85345 0.027
75 3 0.7 5 3 2
189865 0.172
117420 0.004
141191 0.033
75 3 0.7 7 2 1
223896 0.211
125714 0.007
155345 0.035
75 5 0.3 5 3 2
34496 0.144
24783 0.004
25904 0.036
75 5 0.3 7 2 1
54283 0.156
30370 0.003
35784 0.033
75 5 0.5 5 3 2
91872 0.205
57237 0.005
63194 0.047
75 5 0.5 7 2 1
100276 0.281
62054 0.004
69651 0.05
75 5 0.7 5 3 2
198058 0.2831
125060 0.005
136254 0.058
75 5 0.7 7 2 1
188954 0.349
106517 0.005
121420 0.074
100 1 0.3 5 3 2
130900 0.156
80144 0.002
107731 0.019
100 1 0.3 7 2 1
133072 0.161
90971 0.002
116327 0.019
100 1 0.5 5 3 2
183095 0.178
114506 0.003
154614 0.029
100 1 0.5 7 2 1
184200 0.1918
107282 0.003
154679 0.029
100 1 0.7 5 3 2
275285 0.2266
135297 0.004
209075 0.04
100 1 0.7 7 2 1
308376 0.2201
157707 0.006
235068 0.045
100 2 0.3 5 3 2
123948 0.2
71952 0.003
91020 0.032
100 2 0.3 7 2 1
134355 0.224
85309 0.003
104597 0.027
100 2 0.5 5 3 2
169029 0.2686
118518 0.003
137484 0.034
100 2 0.5 7 2 1
192124 0.284
110821 0.004
149983 0.04
100 2 0.7 5 3 2
246195 0.297
129815 0.004
176867 0.05
100 2 0.7 7 2 1
320671 0.333
166547 0.007
222430 0.05
100 3 0.3 5 3 2
108470 0.243
81369 0.003
93622 0.037
100 3 0.3 7 2 1
134557 0.2656
73074 0.005
88744 0.037
100 3 0.5 5 3 2
191030 0.3131
106404 0.005
134992 0.051
100 3 0.5 7 2 1
188242 0.3271
115751 0.006
144635 0.055
100 3 0.7 5 3 2
294271 0.3743
163896 0.007
198012 0.067
100 3 0.7 7 2 1
305273 0.4902
169393 0.007
209026 0.07
100 5 0.3 5 3 2
110791 0.313
65650 0.005
71664 0.1
100 5 0.3 7 2 1
151221 0.337
88781 0.005
98365 0.066
100 5 0.5 5 3 2
173575 0.462
90416 0.008
109715 0.091
100 5 0.5 7 2 1
219925 0.5207
116533 0.008
139410 0.101
100 5 0.7 5 3 2
256788 0.5768
141259 0.009
168821 0.115
100 5 0.7 7 2 1
297265 0.7083
173360 0.011
202166 0.153
125 1 0.3 5 3 2
133317 0.264
71454 0.002
121829 0.035
125 1 0.3 7 2 1
150037 0.2993
85579 0.003
141328 0.037
125 1 0.5 5 3 2
262352 0.342
141051 0.006
230117 0.052
125 1 0.5 7 2 1
258766 0.325
149327 0.004
230643 0.058
125 1 0.7 5 3 2
359100 0.3441
189634 0.006
312762 0.063
125 1 0.7 7 2 1
404682 0.369
215116 0.007
338348 0.072
125 2 0.3 5 3 2
133277 0.2953
67298 0.004
100686 0.046
125 2 0.3 7 2 1
140614 0.319
81055 0.004
117707 0.056
125 2 0.5 5 3 2
247832 0.4582
136023 0.006
177778 0.065
125 2 0.5 7 2 1
261984 0.5012
139350 0.01
207216 0.078
125 2 0.7 5 3 2
362671 0.556
198705 0.008
259287 0.093
125 2 0.7 7 2 1
352540 0.5451
209674 0.009
294695 0.088
125 3 0.3 5 3 2
118063 0.447
65147 0.006
88911 0.06
125 3 0.3 7 2 1
111295 0.4362
68010 0.008
86482 0.07
125 3 0.5 5 3 2
228443 0.5053
123012 0.008
165293 0.092
125 3 0.5 7 2 1
241730 0.5711
139562 0.008
176081 0.101
125 3 0.7 5 3 2
342793 0.7141
187820 0.011
236773 0.123
125 3 0.7 7 2 1
354455 0.745
185968 0.018
248914 0.138
125 5 0.3 5 3 2
130313 0.547
80675 0.009
94404 0.131
125 5 0.3 7 2 1
94993 0.5631
72767 0.01
85762 0.137
125 5 0.5 5 3 2
228201 0.74
128869 0.012
149104 0.144
125 5 0.5 7 2 1
193828 0.8273
121865 0.015
158676 0.254
125 5 0.7 5 3 2
344804 1.109
174649 0.017
211010 0.203
125 5 0.7 7 2 1
352281 1.16
207243 0.019
250022 0.248
150 1 0.3 5 3 2
95530 0.43
60552 0.003
85799 0.056
150 1 0.3 7 2 1
148925 0.417
95896 0.004
145020 0.055
150 1 0.5 5 3 2
226045 0.5245
127759 0.006
196044 0.076
150 1 0.5 7 2 1
311717 0.4736
171420 0.006
273024 0.073
150 1 0.7 5 3 2
373440 0.6025
201656 0.014
314103 0.098
150 1 0.7 7 2 1
470001 0.6673
267934 0.016
384520 0.094
150 2 0.3 5 3 2
124439 0.4927
64296 0.005
89902 0.071
150 2 0.3 7 2 1
117201 0.511
68427 0.007
100370 0.067
150 2 0.5 5 3 2
283869 0.6702
156266 0.008
218759 0.085
150 2 0.5 7 2 1
276404 0.7509
159303 0.009
208936 0.093
150 2 0.7 5 3 2
433539 0.9896
231148 0.013
307850 0.122
150 2 0.7 7 2 1
428062 0.9307
232325 0.017
307307 0.138
150 3 0.3 5 3 2
90742 0.6419
52654 0.009
69830 0.103
150 3 0.3 7 2 1
135503 0.7182
68026 0.01
95466 0.1
150 3 0.5 5 3 2
252192 0.8941
145668 0.011
174439 0.139
150 3 0.5 7 2 1
295181 0.9576
171941 0.019
215260 0.137
150 3 0.7 5 3 2
399448 1.0432
222851 0.021
272126 0.159
150 3 0.7 7 2 1
440380 1.315
235674 0.018
302783 0.248
150 5 0.3 5 3 2
131284 0.9368
76946 0.014
93167 0.182
150 5 0.3 7 2 1
123874 0.9881
74212 0.013
82582 0.189
150 5 0.5 5 3 2
291545 1.3874
157039 0.019
187843 0.251
150 5 0.5 7 2 1
285111 1.5458
148643 0.02
176735 0.273
150 5 0.7 5 3 2
426062 1.8672
235741 0.027
271544 0.302
150 5 0.7 7 2 1
409530 1.8624
220272 0.026
255913 0.323
175 1 0.3 5 3 2
187937 0.5717
109683 0.004
163251 0.058
175 1 0.3 7 2 1
214354 0.588
127565 0.005
184983 0.061
175 1 0.5 5 3 2
291469 0.6536
179672 0.009
246687 0.085
175 1 0.5 7 2 1
338362 0.774
211794 0.01
282598 0.089
175 1 0.7 5 3 2
422844 0.8256
254851 0.014
346351 0.116
175 1 0.7 7 2 1
490488 0.8086
282052 0.015
402449 0.119
175 2 0.3 5 3 2
190554 0.7648
106556 0.007
147677 0.082
175 2 0.3 7 2 1
205682 0.8119
123078 0.008
176693 0.088
175 2 0.5 5 3 2
304796 0.9007
176080 0.012
221475 0.109
175 2 0.5 7 2 1
357992 0.9263
201953 0.014
256190 0.127
175 2 0.7 5 3 2
417193 1.1405
239809 0.018
303928 0.151
175 2 0.7 7 2 1
513034 1.1531
277528 0.022
367011 0.164
175 3 0.3 5 3 2
208578 0.8751
113138 0.011
137467 0.117
175 3 0.3 7 2 1
206196 0.9064
126120 0.011
162428 0.127
175 3 0.5 5 3 2
336703 1.1574
176307 0.017
222839 0.172
175 3 0.5 7 2 1
366526 1.2208
194652 0.018
241906 0.178
175 3 0.7 5 3 2
493388 1.4718
261720 0.022
323990 0.21
175 3 0.7 7 2 1
538141 1.5805
275811 0.026
344872 0.246
175 5 0.3 5 3 2
207130 1.1964
108161 0.016
128410 0.216
175 5 0.3 7 2 1
189436 1.2507
112552 0.017
131486 0.224
175 5 0.5 5 3 2
318534 1.7201
179725 0.024
204922 0.318
175 5 0.5 7 2 1
336836 2.0087
166900 0.024
199799 0.324
175 5 0.7 5 3 2
406336 2.1844
234292 0.034
265508 0.357
175 5 0.7 7 2 1
467609 2.5847
256430 0.035
293301 0.409
200 1 0.3 5 3 2
188982 0.8146
106946 0.008
181429 0.089
200 1 0.3 7 2 1
174021 0.8152
102475 0.007
171400 0.094
200 1 0.5 5 3 2
380035 1.0066
204755 0.013
295270 0.119
200 1 0.5 7 2 1
402273 1.0762
213163 0.015
335850 0.131
200 1 0.7 5 3 2
570169 1.0909
317472 0.021
446190 0.157
200 1 0.7 7 2 1
593059 1.1763
306752 0.023
472307 0.165
200 2 0.3 5 3 2
176543 1.0272
93923 0.009
128111 0.112
200 2 0.3 7 2 1
162910 1.046
81381 0.011
126935 0.125
200 2 0.5 5 3 2
369785 1.3756
199174 0.016
262442 0.163
200 2 0.5 7 2 1
353554 1.4212
184433 0.019
253919 0.197
200 2 0.7 5 3 2
557109 1.5373
308119 0.027
409709 0.224
200 2 0.7 7 2 1
582489 1.5532
314923 0.03
415703 0.254
200 3 0.3 5 3 2
182171 1.1265
102660 0.013
139410 0.192
200 3 0.3 7 2 1
209052 1.3455
112291 0.014
137776 0.171
200 3 0.5 5 3 2
360221 1.565
215090 0.027
256337 0.256
200 3 0.5 7 2 1
382987 1.8103
211070 0.023
256176 0.262
200 3 0.7 5 3 2
528112 1.9576
276127 0.034
341198 0.325
200 3 0.7 7 2 1
550086 1.9693
288130 0.038
367305 0.339
200 5 0.3 5 3 2
161847 1.5463
88826 0.021
102907 0.275
200 5 0.3 7 2 1
210878 1.8216
119163 0.025
135530 0.326
200 5 0.5 5 3 2
300890 2.3185
172505 0.037
198009 0.463
200 5 0.5 7 2 1
366468 2.6061
203067 0.05
233481 0.455
200 5 0.7 5 3 2
465260 2.9422
264726 0.041
299371 0.508
200 5 0.7 7 2 1
520029 3.2042
275211 0.06
318518 0.582
225 1 0.3 5 3 2
214874 1.0425
114441 0.008
193171 0.113
225 1 0.3 7 2 1
272839 1.064
146486 0.012
245445 0.108
225 1 0.5 5 3 2
424640 1.3316
224576 0.017
353122 0.16
225 1 0.5 7 2 1
435099 1.36
248584 0.021
367378 0.182
225 1 0.7 5 3 2
577383 1.3888
334516 0.032
463385 0.205
225 1 0.7 7 2 1
626051 1.4666
363501 0.039
501827 0.227
225 2 0.3 5 3 2
220804 1.3309
112510 0.013
157574 0.145
225 2 0.3 7 2 1
271820 1.3921
154126 0.015
211670 0.163
225 2 0.5 5 3 2
374046 1.7754
193951 0.025
259693 0.215
225 2 0.5 7 2 1
432789 1.8196
252495 0.03
314921 0.233
225 2 0.7 5 3 2
520695 1.9203
307991 0.043
389172 0.321
225 2 0.7 7 2 1
578292 2.2846
327322 0.051
429519 0.378
225 3 0.3 5 3 2
192306 1.4428
106064 0.021
135293 0.228
225 3 0.3 7 2 1
240051 1.7637
143869 0.023
187025 0.248
225 3 0.5 5 3 2
352623 2.275
170274 0.03
225324 0.293
225 3 0.5 7 2 1
427252 2.364
225727 0.039
288002 0.391
225 3 0.7 5 3 2
476318 2.5438
301924 0.047
353417 0.411
225 3 0.7 7 2 1
614845 3.051
346594 0.067
423197 0.453
225 5 0.3 5 3 2
213143 2.2291
124798 0.041
144171 0.438
225 5 0.3 7 2 1
247468 2.4077
138629 0.032
161479 0.419
225 5 0.5 5 3 2
382560 2.9521
195722 0.044
232935 0.817
225 5 0.5 7 2 1
402239 3.1523
235347 0.053
266654 0.563
225 5 0.7 5 3 2
540540 3.85
318628 0.093
362182 0.718
225 5 0.7 7 2 1
551915 3.9758
320529 0.093
364675 0.776
250 1 0.3 5 3 2
247748 1.3323
149169 0.011
199978 0.121
250 1 0.3 7 2 1
300229 1.3617
186899 0.013
260902 0.149
250 1 0.5 5 3 2
426601 1.6402
253960 0.022
363454 0.199
250 1 0.5 7 2 1
503331 1.7226
282920 0.026
398584 0.201
250 1 0.7 5 3 2
683772 1.8117
364180 0.038
541214 0.265
250 1 0.7 7 2 1
733614 1.8448
382866 0.049
570935 0.28
250 2 0.3 5 3 2
268168 1.7273
146025 0.017
197870 0.2
250 2 0.3 7 2 1
315475 1.7871
196484 0.026
242774 0.277
250 2 0.5 5 3 2
421743 2.4522
256314 0.039
325994 0.301
250 2 0.5 7 2 1
517932 2.5469
285813 0.043
389166 0.441
250 2 0.7 5 3 2
640872 2.6392
376022 0.079
476156 0.446
250 2 0.7 7 2 1
770126 3.2575
425659 0.094
556304 0.545
250 3 0.3 5 3 2
267652 2.5652
165732 0.025
210705 0.385
250 3 0.3 7 2 1
261122 2.6519
163666 0.036
195869 0.336
250 3 0.5 5 3 2
489542 3.3485
268926 0.067
341463 0.54
250 3 0.5 7 2 1
438890 3.4693
240020 0.075
304405 0.718
250 3 0.7 5 3 2
732528 4.0931
411517 0.124
496243 0.628
250 3 0.7 7 2 1
737189 4.085
417150 0.136
500814 0.753
250 5 0.3 5 3 2
230293 3.206
124132 0.046
149686 0.88
250 5 0.3 7 2 1
283832 3.5235
157041 0.049
180458 0.654
250 5 0.5 5 3 2
408557 4.333
254174 0.092
292143 0.927
250 5 0.5 7 2 1
487051 4.9776
256863 0.123
309196 0.96
250 5 0.7 5 3 2
611368 5.4052
355203 0.17
398305 1.06
250 5 0.7 7 2 1
748311 6.9115
402751 0.256
467502 1.284
275 1 0.3 5 3 2
232310 1.948
123816 0.016
196791 0.191
275 1 0.3 7 2 1
290157 1.935
170415 0.022
233412 0.189
275 1 0.5 5 3 2
459327 2.333
237909 0.029
357497 0.294
275 1 0.5 7 2 1
512294 2.4606
254539 0.029
412901 0.309
275 1 0.7 5 3 2
688485 2.546
393684 0.064
552510 0.403
275 1 0.7 7 2 1
802618 2.555
415729 0.099
640216 0.461
275 2 0.3 5 3 2
270526 2.36
147486 0.03
200525 0.308
275 2 0.3 7 2 1
274165 2.4492
144373 0.023
196355 0.318
275 2 0.5 5 3 2
462081 3.0921
268010 0.052
347658 0.4
275 2 0.5 7 2 1
501012 3.0729
273600 0.061
359695 0.462
275 2 0.7 5 3 2
723616 3.6677
418697 0.078
534342 0.487
275 2 0.7 7 2 1
816673 3.8497
429223 0.113
578939 0.577
275 3 0.3 5 3 2
227953 2.991
140574 0.036
171168 0.373
275 3 0.3 7 2 1
261733 3.1877
151636 0.033
190400 0.451
275 3 0.5 5 3 2
441527 3.9079
240303 0.051
305304 0.554
275 3 0.5 7 2 1
451453 4.2388
236018 0.068
302857 0.757
275 3 0.7 5 3 2
744874 5.323
411128 0.139
499925 0.637
275 3 0.7 7 2 1
792630 5.3272
414289 0.162
518032 0.92
275 5 0.3 5 3 2
264656 4.1736
135199 0.061
167886 0.84
275 5 0.3 7 2 1
245499 4.334
140645 0.058
171206 0.771
275 5 0.5 5 3 2
481081 5.6272
253801 0.093
295621 0.919
275 5 0.5 7 2 1
473524 5.9354
248366 0.076
292540 0.955
275 5 0.7 5 3 2
750732 6.6142
386060 0.204
451841 1.222
275 5 0.7 7 2 1
738481 7.4605
450811 0.179
504683 1.241
300 1 0.3 5 3 2
333839 2.2406
187898 0.022
271929 0.234
300 1 0.3 7 2 1
322381 2.3502
173742 0.029
268453 0.26
300 1 0.5 5 3 2
582745 2.8367
313141 0.043
465945 0.375
300 1 0.5 7 2 1
619266 2.8904
318780 0.061
482687 0.319
300 1 0.7 5 3 2
896440 3.0836
451855 0.091
674335 0.475
300 1 0.7 7 2 1
927634 3.0902
501250 0.088
729940 0.462
300 2 0.3 5 3 2
321514 2.8627
163592 0.029
239113 0.412
300 2 0.3 7 2 1
312845 2.9117
158068 0.034
224042 0.384
300 2 0.5 5 3 2
617968 3.6289
326375 0.061
429816 0.478
300 2 0.5 7 2 1
601140 3.7221
302824 0.083
438314 0.583
300 2 0.7 5 3 2
881144 4.0231
492648 0.126
628450 0.677
300 2 0.7 7 2 1
935787 4.7361
497780 0.134
671580 0.675
300 3 0.3 5 3 2
302051 3.4897
157751 0.036
203942 0.436
300 3 0.3 7 2 1
334342 3.4921
194209 0.056
244498 0.616
300 3 0.5 5 3 2
537992 4.6823
267034 0.09
347813 0.614
300 3 0.5 7 2 1
633578 4.738
334015 0.13
427149 0.758
300 3 0.7 5 3 2
784105 5.5361
448821 0.218
538138 1.006
300 3 0.7 7 2 1
965183 6.3388
504310 0.241
633555 1.149
300 5 0.3 5 3 2
315046 4.6471
164390 0.059
196934 0.799
300 5 0.3 7 2 1
335337 4.8805
190773 0.067
222134 1.398
300 5 0.5 5 3 2
521337 6.0661
280720 0.186
330106 1.273
300 5 0.5 7 2 1
596284 7.9699
306947 0.226
359616 1.34
300 5 0.7 5 3 2
822944 7.5803
453961 0.308
519992 1.523
300 5 0.7 7 2 1
895679 9.1658
463754 0.444
548527 1.875
