10 1 0.3 5 3 2
2734 0.0
2734 0.0
2734 0.001
2734 0.001
2734 0.002
10 1 0.3 7 2 1
10351 0.0
10268 0.0
10268 0.0
10268 0.001
10268 0.002
10 1 0.5 5 3 2
23535 0.0
22066 0.0
23535 0.001
23535 0.001
23535 0.003
10 1 0.5 7 2 1
16445 0.0156
12813 0.0
13190 0.0
16161 0.001
13457 0.002
10 1 0.7 5 3 2
22287 0.0
21597 0.0
21992 0.0
21992 0.001
21903 0.002
10 1 0.7 7 2 1
24514 0.0
23443 0.0
23870 0.001
24301 0.001
23870 0.003
10 2 0.3 5 3 2
1420 0.0
1420 0.0
1420 0.0
1420 0.001
1420 0.002
10 2 0.3 7 2 1
8183 0.0
5258 0.0
5258 0.001
5258 0.001
5730 0.003
10 2 0.5 5 3 2
8402 0.0156
7788 0.0
8309 0.001
8309 0.001
8309 0.003
10 2 0.5 7 2 1
11248 0.0
11248 0.0
11248 0.0
11248 0.001
11248 0.002
10 2 0.7 5 3 2
24643 0.0
24643 0.0
24643 0.0
24643 0.001
24643 0.003
10 2 0.7 7 2 1
22332 0.0156
20947 0.0
20947 0.001
21118 0.001
21394 0.004
10 3 0.3 5 3 2
591 0.0
591 0.0
591 0.001
591 0.001
591 0.004
10 3 0.3 7 2 1
6021 0.0
6021 0.001
6021 0.001
6021 0.001
6021 0.004
10 3 0.5 5 3 2
13254 0.0157
13254 0.0
13254 0.001
13254 0.001
13254 0.003
10 3 0.5 7 2 1
21721 0.0
18499 0.0
18525 0.001
18525 0.001
21004 0.003
10 3 0.7 5 3 2
21686 0.0156
16251 0.0
17057 0.0
17057 0.001
17707 0.006
10 3 0.7 7 2 1
29384 0.0157
23273 0.0
24830 0.001
24830 0.001
24830 0.003
10 5 0.3 5 3 2
6742 0.0
6742 0.0
6742 0.001
6742 0.001
6742 0.003
10 5 0.3 7 2 1
9195 0.0156
9195 0.0
9195 0.001
9195 0.001
9195 0.003
10 5 0.5 5 3 2
12006 0.0
12006 0.0
12006 0.001
12006 0.001
12006 0.006
10 5 0.5 7 2 1
13215 0.0
13215 0.0
13215 0.001
13215 0.001
13215 0.004
10 5 0.7 5 3 2
8570 0.008
8138 0.001
8570 0.001
8570 0.002
8570 0.004
10 5 0.7 7 2 1
13838 0.0077
10810 0.0
10810 0.001
10810 0.001
11131 0.006
20 1 0.3 5 3 2
9526 0.0156
9526 0.0
9526 0.001
9526 0.001
9526 0.005
20 1 0.3 7 2 1
13224 0.016
13224 0.001
13224 0.001
13224 0.001
13224 0.005
20 1 0.5 5 3 2
12300 0.008
11229 0.0
12268 0.001
12268 0.001
12300 0.007
20 1 0.5 7 2 1
26868 0.008
21971 0.0
22748 0.001
26019 0.002
26106 0.006
20 1 0.7 5 3 2
25120 0.0156
15972 0.0
19919 0.001
19919 0.002
22715 0.011
20 1 0.7 7 2 1
40656 0.0156
25656 0.0
35613 0.001
36615 0.002
37911 0.012
20 2 0.3 5 3 2
4937 0.0156
4937 0.001
4937 0.001
4937 0.002
4937 0.008
20 2 0.3 7 2 1
2375 0.0156
2375 0.0
2375 0.001
2375 0.002
2375 0.005
20 2 0.5 5 3 2
11116 0.0156
11116 0.0
11116 0.001
11116 0.002
11116 0.009
20 2 0.5 7 2 1
13610 0.0157
13610 0.001
13610 0.001
13610 0.002
13610 0.006
20 2 0.7 5 3 2
22334 0.0156
19283 0.0
20860 0.002
20860 0.002
20860 0.013
20 2 0.7 7 2 1
18225 0.0313
13819 0.001
15625 0.002
15625 0.002
16718 0.008
20 3 0.3 5 3 2
280 0.0125
280 0.001
280 0.001
280 0.002
280 0.009
20 3 0.3 7 2 1
14046 0.0156
14046 0.0
14046 0.001
14046 0.002
14046 0.007
20 3 0.5 5 3 2
3759 0.0156
3759 0.0
3759 0.001
3759 0.003
3759 0.009
20 3 0.5 7 2 1
17124 0.0156
14475 0.001
15951 0.002
16431 0.003
17124 0.011
20 3 0.7 5 3 2
14902 0.0156
14902 0.001
14902 0.002
14902 0.003
14902 0.009
20 3 0.7 7 2 1
42836 0.0312
34276 0.001
35772 0.002
35772 0.003
37347 0.011
20 5 0.3 5 3 2
8824 0.0156
8824 0.0
8824 0.002
8824 0.002
8824 0.008
20 5 0.3 7 2 1
13949 0.0312
13949 0.001
13949 0.002
13949 0.003
13949 0.009
20 5 0.5 5 3 2
7923 0.0156
7923 0.001
7923 0.003
7923 0.004
7923 0.014
20 5 0.5 7 2 1
13556 0.0156
13556 0.002
13556 0.002
13556 0.003
13556 0.015
20 5 0.7 5 3 2
21137 0.0156
16688 0.001
16781 0.002
16781 0.005
16798 0.022
20 5 0.7 7 2 1
25821 0.0157
18625 0.001
20217 0.002
20217 0.004
21700 0.014
30 1 0.3 5 3 2
20318 0.0157
15304 0.0
18072 0.001
18072 0.004
20318 0.009
30 1 0.3 7 2 1
5189 0.0313
5189 0.0
5189 0.001
5189 0.003
5189 0.01
30 1 0.5 5 3 2
54321 0.0313
33796 0.0
46151 0.002
49933 0.004
54319 0.022
30 1 0.5 7 2 1
37283 0.0312
26873 0.0
34924 0.002
34924 0.007
37208 0.014
30 1 0.7 5 3 2
102190 0.0312
54974 0.0
80923 0.004
86835 0.005
94722 0.018
30 1 0.7 7 2 1
77203 0.0156
46330 0.0
63307 0.002
69957 0.005
73745 0.021
30 2 0.3 5 3 2
16325 0.0311
12716 0.001
13339 0.002
13383 0.004
13657 0.018
30 2 0.3 7 2 1
17700 0.0156
12431 0.0
14057 0.002
14057 0.006
14057 0.017
30 2 0.5 5 3 2
40690 0.0313
27830 0.0
31921 0.002
32218 0.005
34775 0.024
30 2 0.5 7 2 1
44496 0.0625
25013 0.0
31367 0.002
32991 0.008
39222 0.02
30 2 0.7 5 3 2
52907 0.0625
36687 0.001
42563 0.003
42683 0.006
46889 0.019
30 2 0.7 7 2 1
76420 0.0313
46412 0.001
57977 0.004
57977 0.005
62819 0.03
30 3 0.3 5 3 2
16979 0.0312
10737 0.001
11155 0.002
12192 0.004
11333 0.015
30 3 0.3 7 2 1
17943 0.0157
12774 0.0
14249 0.003
14794 0.004
15543 0.023
30 3 0.5 5 3 2
35925 0.0313
25894 0.001
27601 0.005
28842 0.007
28968 0.037
30 3 0.5 7 2 1
54934 0.0313
32070 0.0
36328 0.003
36328 0.01
42299 0.038
30 3 0.7 5 3 2
76107 0.0313
43778 0.001
53693 0.003
56347 0.007
56918 0.036
30 3 0.7 7 2 1
77880 0.0469
44259 0.001
56861 0.006
57560 0.012
62587 0.038
30 5 0.3 5 3 2
5144 0.0313
5144 0.001
5144 0.004
5144 0.006
5144 0.027
30 5 0.3 7 2 1
13859 0.0312
10571 0.001
11545 0.003
11545 0.005
10986 0.017
30 5 0.5 5 3 2
27360 0.0313
20898 0.001
22242 0.004
22704 0.008
22420 0.027
30 5 0.5 7 2 1
47896 0.0469
32221 0.001
34742 0.004
34742 0.007
36671 0.025
30 5 0.7 5 3 2
60953 0.0625
38890 0.001
42985 0.005
44549 0.011
46562 0.037
30 5 0.7 7 2 1
60081 0.0625
36269 0.001
41788 0.005
43311 0.011
45171 0.041
40 1 0.3 5 3 2
42451 0.0469
26556 0.0
32937 0.003
39914 0.007
39765 0.018
40 1 0.3 7 2 1
37100 0.0469
36201 0.001
37100 0.002
37100 0.01
37100 0.027
40 1 0.5 5 3 2
70708 0.0625
38312 0.001
53012 0.003
56716 0.009
66951 0.035
40 1 0.5 7 2 1
88733 0.0469
57924 0.001
76472 0.005
82829 0.015
83954 0.031
40 1 0.7 5 3 2
94474 0.0469
74105 0.0
85474 0.006
85852 0.011
91844 0.027
40 1 0.7 7 2 1
148025 0.0469
90101 0.001
120778 0.004
121584 0.011
136676 0.032
40 2 0.3 5 3 2
31833 0.0313
23383 0.001
26642 0.003
27868 0.01
29601 0.024
40 2 0.3 7 2 1
24460 0.0469
18258 0.001
21748 0.004
21877 0.009
24398 0.024
40 2 0.5 5 3 2
62063 0.0625
46634 0.001
51221 0.004
55065 0.011
53800 0.03
40 2 0.5 7 2 1
83712 0.0625
52840 0.001
63455 0.006
65409 0.012
65563 0.032
40 2 0.7 5 3 2
94716 0.0781
67411 0.001
77074 0.007
77588 0.02
81610 0.03
40 2 0.7 7 2 1
130892 0.0781
79402 0.001
97788 0.005
98067 0.023
107714 0.039
40 3 0.3 5 3 2
42893 0.0625
31471 0.001
34274 0.004
37178 0.013
38421 0.037
40 3 0.3 7 2 1
37228 0.0625
33272 0.001
34256 0.006
34542 0.011
35068 0.029
40 3 0.5 5 3 2
69397 0.0629
61090 0.002
63197 0.006
64250 0.014
64814 0.052
40 3 0.5 7 2 1
73123 0.0625
42182 0.002
50766 0.005
52264 0.014
51531 0.035
40 3 0.7 5 3 2
83024 0.0625
62063 0.002
65090 0.005
65090 0.015
72510 0.041
40 3 0.7 7 2 1
126637 0.0781
85908 0.002
96324 0.01
101961 0.03
103058 0.081
40 5 0.3 5 3 2
38199 0.0781
28766 0.001
30342 0.009
31215 0.029
31930 0.064
40 5 0.3 7 2 1
45968 0.0625
35465 0.002
37000 0.006
37000 0.026
39253 0.043
40 5 0.5 5 3 2
64735 0.0781
50693 0.002
51272 0.009
53487 0.026
54309 0.072
40 5 0.5 7 2 1
80212 0.0781
53468 0.003
59238 0.007
59671 0.024
61254 0.052
40 5 0.7 5 3 2
114493 0.0938
75031 0.003
80112 0.009
81107 0.034
85168 0.089
40 5 0.7 7 2 1
134654 0.1406
93877 0.002
102287 0.015
102772 0.027
104815 0.076
50 1 0.3 5 3 2
44723 0.0469
31890 0.001
39234 0.005
39234 0.012
41700 0.029
50 1 0.3 7 2 1
32661 0.0469
21658 0.001
30906 0.006
31725 0.012
31509 0.028
50 1 0.5 5 3 2
89765 0.0469
55831 0.001
73971 0.004
85542 0.015
88315 0.037
50 1 0.5 7 2 1
93056 0.0625
68588 0.001
82669 0.004
85099 0.015
88606 0.054
50 1 0.7 5 3 2
112747 0.0625
74725 0.001
93542 0.006
102847 0.025
110845 0.042
50 1 0.7 7 2 1
136128 0.0781
80356 0.001
117627 0.01
120422 0.021
129058 0.043
50 2 0.3 5 3 2
48574 0.0625
26714 0.0
36122 0.004
37834 0.015
40457 0.037
50 2 0.3 7 2 1
69890 0.0625
46272 0.001
56272 0.004
57545 0.014
64347 0.036
50 2 0.5 5 3 2
102260 0.0937
65137 0.002
78145 0.006
84086 0.02
94156 0.053
50 2 0.5 7 2 1
101412 0.0781
83249 0.002
91007 0.006
94510 0.017
97581 0.038
50 2 0.7 5 3 2
132253 0.1094
88102 0.002
109262 0.008
117135 0.026
120966 0.057
50 2 0.7 7 2 1
144992 0.0781
95491 0.002
115569 0.007
123522 0.023
128478 0.057
50 3 0.3 5 3 2
46646 0.0625
33535 0.001
36617 0.005
37346 0.018
38476 0.038
50 3 0.3 7 2 1
52017 0.0781
26954 0.001
34332 0.01
35957 0.022
40305 0.072
50 3 0.5 5 3 2
96228 0.0938
68917 0.002
76502 0.007
78040 0.031
81577 0.058
50 3 0.5 7 2 1
99436 0.1094
69938 0.002
79428 0.012
82493 0.037
88952 0.061
50 3 0.7 5 3 2
121015 0.125
80916 0.002
94576 0.009
94576 0.029
102865 0.088
50 3 0.7 7 2 1
128899 0.125
77029 0.004
98924 0.016
101748 0.046
106202 0.082
50 5 0.3 5 3 2
36848 0.1406
23573 0.004
24482 0.008
26423 0.028
26871 0.062
50 5 0.3 7 2 1
60879 0.1357
31010 0.003
35907 0.01
37583 0.042
44325 0.056
50 5 0.5 5 3 2
79004 0.125
47861 0.004
54553 0.011
58861 0.043
62487 0.11
50 5 0.5 7 2 1
132908 0.1312
89446 0.002
97716 0.009
100105 0.031
103756 0.07
50 5 0.7 5 3 2
127585 0.125
70362 0.003
80053 0.022
80053 0.05
95496 0.101
50 5 0.7 7 2 1
168374 0.1314
103111 0.002
112735 0.012
120022 0.038
123591 0.106
75 1 0.3 5 3 2
39131 0.1094
20192 0.001
31831 0.005
37218 0.041
37894 0.042
75 1 0.3 7 2 1
29144 0.1094
19864 0.001
28584 0.004
29144 0.063
29144 0.056
75 1 0.5 5 3 2
86199 0.0937
59628 0.001
74303 0.006
82559 0.047
79770 0.046
75 1 0.5 7 2 1
118010 0.0937
70153 0.001
97650 0.006
109729 0.047
111952 0.05
75 1 0.7 5 3 2
195647 0.1094
116785 0.002
152981 0.007
178422 0.055
183960 0.06
75 1 0.7 7 2 1
221582 0.1094
120180 0.004
182788 0.017
206352 0.087
209785 0.097
75 2 0.3 5 3 2
27849 0.0939
15313 0.001
20719 0.005
21561 0.041
24401 0.047
75 2 0.3 7 2 1
38474 0.0937
22067 0.001
31909 0.006
35663 0.052
35438 0.054
75 2 0.5 5 3 2
94292 0.1094
62258 0.002
70354 0.007
81765 0.057
78651 0.058
75 2 0.5 7 2 1
100012 0.125
61114 0.002
74361 0.007
77822 0.066
80096 0.085
75 2 0.7 5 3 2
196841 0.1406
101204 0.002
135399 0.01
150635 0.099
178827 0.113
75 2 0.7 7 2 1
187369 0.1563
114002 0.002
134381 0.01
152520 0.075
153804 0.085
75 3 0.3 5 3 2
44341 0.125
24548 0.002
25721 0.008
28241 0.061
31139 0.058
75 3 0.3 7 2 1
40282 0.1718
23349 0.002
28959 0.008
32242 0.089
32875 0.083
75 3 0.5 5 3 2
107956 0.125
58541 0.002
73904 0.027
86162 0.116
85269 0.084
75 3 0.5 7 2 1
119296 0.1406
66949 0.002
83372 0.01
97073 0.088
102496 0.088
75 3 0.7 5 3 2
189865 0.1562
117420 0.004
136752 0.019
146418 0.108
149737 0.103
75 3 0.7 7 2 1
223896 0.1563
125714 0.003
149762 0.013
175712 0.114
184043 0.112
75 5 0.3 5 3 2
34496 0.1406
24783 0.003
25661 0.023
26729 0.129
26129 0.127
75 5 0.3 7 2 1
54283 0.1406
30370 0.003
34389 0.015
38788 0.117
39922 0.117
75 5 0.5 5 3 2
91872 0.1875
57237 0.003
63194 0.04
64730 0.144
71492 0.144
75 5 0.5 7 2 1
100276 0.2187
62054 0.004
69651 0.018
73562 0.146
73271 0.151
75 5 0.7 5 3 2
198058 0.25
125060 0.01
136254 0.046
144298 0.21
148276 0.194
75 5 0.7 7 2 1
188954 0.2656
106517 0.006
119077 0.036
128925 0.188
134293 0.199
100 1 0.3 5 3 2
130900 0.1406
80144 0.002
107731 0.008
116435 0.097
116877 0.071
100 1 0.3 7 2 1
133072 0.1406
90971 0.002
116327 0.007
122402 0.092
124998 0.067
100 1 0.5 5 3 2
183095 0.1562
114506 0.003
152451 0.011
179438 0.153
169617 0.087
100 1 0.5 7 2 1
184200 0.1767
107282 0.003
153386 0.014
173259 0.163
173592 0.103
100 1 0.7 5 3 2
275285 0.219
135297 0.004
205928 0.017
263157 0.198
248292 0.148
100 1 0.7 7 2 1
308376 0.2344
157707 0.005
235068 0.015
287236 0.165
265070 0.116
100 2 0.3 5 3 2
123948 0.1632
71952 0.003
88596 0.012
103259 0.136
103807 0.086
100 2 0.3 7 2 1
134355 0.1875
85309 0.002
104597 0.012
114770 0.126
108301 0.083
100 2 0.5 5 3 2
169029 0.2812
118518 0.004
137004 0.015
148235 0.177
150637 0.117
100 2 0.5 7 2 1
192124 0.25
110821 0.004
149983 0.017
158945 0.189
169507 0.138
100 2 0.7 5 3 2
246195 0.2994
129815 0.005
176867 0.021
205899 0.184
194723 0.129
100 2 0.7 7 2 1
320671 0.2812
166547 0.006
215667 0.019
245614 0.215
249377 0.136
100 3 0.3 5 3 2
108470 0.2188
81369 0.003
90555 0.022
95972 0.213
97311 0.129
100 3 0.3 7 2 1
134557 0.2187
73074 0.004
84854 0.019
98107 0.203
98315 0.123
100 3 0.5 5 3 2
191030 0.2812
106404 0.005
130692 0.02
148729 0.24
149889 0.175
100 3 0.5 7 2 1
188242 0.2656
115751 0.007
140287 0.021
160281 0.272
155433 0.174
100 3 0.7 5 3 2
294271 0.3125
163896 0.005
198012 0.028
219220 0.334
208628 0.227
100 3 0.7 7 2 1
305273 0.4218
169393 0.006
207489 0.026
226458 0.429
219062 0.248
100 5 0.3 5 3 2
110791 0.3125
65650 0.007
70679 0.028
76693 0.304
76211 0.227
100 5 0.3 7 2 1
151221 0.2968
88781 0.007
97165 0.028
105223 0.335
98963 0.226
100 5 0.5 5 3 2
173575 0.4374
90416 0.007
105121 0.032
121845 0.4
122316 0.317
100 5 0.5 7 2 1
219925 0.4687
116533 0.008
137211 0.034
145992 0.423
149833 0.341
100 5 0.7 5 3 2
256788 0.4843
141259 0.01
167374 0.045
180071 0.526
174500 0.393
100 5 0.7 7 2 1
297265 0.5805
173360 0.019
199897 0.048
223926 0.613
210527 0.462
125 1 0.3 5 3 2
133317 0.2343
71454 0.002
121829 0.012
130455 0.283
128168 0.136
125 1 0.3 7 2 1
150037 0.25
85579 0.009
130803 0.027
147734 0.313
144504 0.15
125 1 0.5 5 3 2
262352 0.2656
141051 0.004
226466 0.02
254571 0.478
249261 0.228
125 1 0.5 7 2 1
258766 0.3281
149327 0.004
230503 0.022
257895 0.441
258766 0.222
125 1 0.7 5 3 2
359100 0.3281
189634 0.005
308250 0.024
352158 0.445
347866 0.267
125 1 0.7 7 2 1
404682 0.3281
215116 0.007
338348 0.029
396228 0.418
384208 0.242
125 2 0.3 5 3 2
133277 0.2812
67298 0.005
97940 0.017
115669 0.356
112538 0.172
125 2 0.3 7 2 1
140614 0.3125
81055 0.003
117707 0.019
123785 0.423
123199 0.171
125 2 0.5 5 3 2
247832 0.4218
136023 0.005
177354 0.024
202302 0.449
205317 0.207
125 2 0.5 7 2 1
261984 0.4253
139350 0.006
201792 0.04
238244 0.781
237755 0.357
125 2 0.7 5 3 2
362671 0.5184
198705 0.008
259287 0.032
289054 0.65
282091 0.303
125 2 0.7 7 2 1
352540 0.4898
209674 0.01
279282 0.038
341254 0.732
351295 0.333
125 3 0.3 5 3 2
118063 0.375
65147 0.005
87007 0.029
100443 0.516
99290 0.271
125 3 0.3 7 2 1
111295 0.3948
68010 0.006
83246 0.025
96563 0.582
96779 0.296
125 3 0.5 5 3 2
228443 0.5439
123012 0.007
160203 0.033
191253 0.812
175365 0.353
125 3 0.5 7 2 1
241730 0.5706
139562 0.008
171404 0.063
201232 0.794
205212 0.375
125 3 0.7 5 3 2
342793 0.6319
187820 0.015
230575 0.055
257928 0.928
262705 0.486
125 3 0.7 7 2 1
354455 0.688
185968 0.011
247024 0.05
275943 1.189
289253 0.526
125 5 0.3 5 3 2
130313 0.5004
80675 0.012
91830 0.048
101322 1.027
97516 0.503
125 5 0.3 7 2 1
94993 0.5117
72767 0.011
84081 0.049
87654 1.049
89019 0.516
125 5 0.5 5 3 2
228201 0.7123
128869 0.011
149104 0.072
166406 1.643
154618 0.824
125 5 0.5 7 2 1
193828 0.8276
121865 0.016
157938 0.081
175572 2.494
169928 0.966
125 5 0.7 5 3 2
344804 1.1307
174649 0.036
211010 0.117
232689 1.931
225468 0.894
125 5 0.7 7 2 1
352281 1.0761
207243 0.017
248839 0.096
267271 2.707
268266 1.105
150 1 0.3 5 3 2
95530 0.384
60552 0.003
81785 0.017
95370 0.477
88222 0.153
150 1 0.3 7 2 1
148925 0.4119
95896 0.003
144260 0.031
148925 0.675
148925 0.205
150 1 0.5 5 3 2
226045 0.5519
127759 0.006
191379 0.05
222008 0.847
217766 0.273
150 1 0.5 7 2 1
311717 0.4559
171420 0.006
260140 0.032
304673 0.931
292390 0.323
150 1 0.7 5 3 2
373440 0.5385
201656 0.009
298238 0.035
349432 0.983
343984 0.306
150 1 0.7 7 2 1
470001 0.5919
267934 0.012
381743 0.035
458639 1.308
454602 0.367
150 2 0.3 5 3 2
124439 0.4639
64296 0.006
89902 0.027
105419 0.774
99578 0.272
150 2 0.3 7 2 1
117201 0.5152
68427 0.006
98824 0.027
116551 1.004
106716 0.268
150 2 0.5 5 3 2
283869 0.618
156266 0.008
218759 0.036
253934 1.121
257175 0.36
150 2 0.5 7 2 1
276404 0.6639
159303 0.009
205147 0.039
252162 1.121
227118 0.34
150 2 0.7 5 3 2
433539 0.8835
231148 0.013
297316 0.046
371059 1.355
343483 0.379
150 2 0.7 7 2 1
428062 0.8685
232325 0.014
307307 0.05
354496 1.141
343423 0.374
150 3 0.3 5 3 2
90742 0.666
52654 0.009
69830 0.055
87306 1.138
74241 0.373
150 3 0.3 7 2 1
135503 0.6239
68026 0.008
95466 0.038
118793 1.253
109590 0.442
150 3 0.5 5 3 2
252192 0.8319
145668 0.011
171788 0.051
199645 1.528
185123 0.482
150 3 0.5 7 2 1
295181 0.8594
171941 0.013
214672 0.057
243768 1.767
231969 0.508
150 3 0.7 5 3 2
399448 0.9278
222851 0.015
269028 0.068
303727 1.876
283724 0.549
150 3 0.7 7 2 1
440380 1.2045
235674 0.027
290146 0.113
347939 2.596
328416 0.884
150 5 0.3 5 3 2
131284 0.8245
76946 0.012
93167 0.066
110034 2.532
101123 0.703
150 5 0.3 7 2 1
123874 0.8998
74212 0.013
82410 0.074
93126 2.099
88383 0.662
150 5 0.5 5 3 2
291545 1.2905
157039 0.017
183362 0.109
207874 3.303
199234 0.959
150 5 0.5 7 2 1
285111 1.3953
148643 0.018
176198 0.095
202321 3.4
185184 0.957
150 5 0.7 5 3 2
426062 1.5861
235741 0.025
269425 0.106
305855 3.722
297763 1.153
150 5 0.7 7 2 1
409530 1.7075
220272 0.023
247606 0.113
276586 3.695
255665 1.129
175 1 0.3 5 3 2
187937 0.5921
109683 0.004
157482 0.053
186254 1.226
187568 0.273
175 1 0.3 7 2 1
214354 0.5999
127565 0.004
184983 0.026
212454 1.228
206793 0.267
175 1 0.5 5 3 2
291469 0.6399
179672 0.008
238905 0.035
277988 1.511
276280 0.307
175 1 0.5 7 2 1
338362 0.7861
211794 0.008
282598 0.038
325125 1.387
309148 0.326
175 1 0.7 5 3 2
422844 0.8495
254851 0.013
333621 0.049
393732 1.638
387417 0.403
175 1 0.7 7 2 1
490488 0.8559
282052 0.016
395476 0.05
463337 1.92
438920 0.387
175 2 0.3 5 3 2
190554 0.7759
106556 0.007
147677 0.037
173493 1.561
173389 0.458
175 2 0.3 7 2 1
205682 0.8753
123078 0.01
167086 0.035
205407 1.656
190062 0.358
175 2 0.5 5 3 2
304796 0.9315
176080 0.011
219983 0.047
261439 1.82
239403 0.404
175 2 0.5 7 2 1
357992 0.9279
201953 0.013
250697 0.055
310569 2.285
279269 0.478
175 2 0.7 5 3 2
417193 1.163
239809 0.017
302057 0.07
360039 2.123
325749 0.483
175 2 0.7 7 2 1
513034 1.2531
277528 0.021
367011 0.072
423095 2.207
415239 0.536
175 3 0.3 5 3 2
208578 0.9255
113138 0.01
137467 0.051
161841 2.2
154221 0.515
175 3 0.3 7 2 1
206196 0.8959
126120 0.011
162428 0.054
191971 2.862
178357 0.565
175 3 0.5 5 3 2
336703 1.1805
176307 0.017
215164 0.074
244321 3.144
242141 0.723
175 3 0.5 7 2 1
366526 1.2423
194652 0.018
241438 0.078
279317 3.199
260917 0.681
175 3 0.7 5 3 2
493388 1.4532
261720 0.023
320268 0.092
374769 4.335
350893 0.828
175 3 0.7 7 2 1
538141 1.5846
275811 0.025
342693 0.103
393412 4.244
391138 1.154
175 5 0.3 5 3 2
207130 1.4657
108161 0.016
128410 0.144
150429 4.75
136686 1.064
175 5 0.3 7 2 1
189436 1.2652
112552 0.019
128091 0.115
143888 4.586
136881 0.933
175 5 0.5 5 3 2
318534 1.6982
179725 0.023
204797 0.128
223500 6.395
221853 1.38
175 5 0.5 7 2 1
336836 2.2051
166900 0.024
199799 0.13
225761 6.781
217832 1.416
175 5 0.7 5 3 2
406336 2.131
234292 0.036
261655 0.148
289687 6.708
278023 1.509
175 5 0.7 7 2 1
467609 2.6066
256430 0.036
289380 0.151
320618 7.95
302857 1.561
200 1 0.3 5 3 2
188982 0.7525
106946 0.006
171821 0.034
188982 2.214
187505 0.343
200 1 0.3 7 2 1
174021 0.8098
102475 0.006
168051 0.035
174021 1.998
171409 0.379
200 1 0.5 5 3 2
380035 0.9686
204755 0.012
291667 0.048
363861 2.493
338622 0.431
200 1 0.5 7 2 1
402273 1.0188
213163 0.013
322837 0.052
401301 4.032
387542 0.58
200 1 0.7 5 3 2
570169 1.3484
317472 0.027
444520 0.106
559177 3.231
548722 0.611
200 1 0.7 7 2 1
593059 1.2373
306752 0.022
441579 0.076
590975 4.426
540685 0.683
200 2 0.3 5 3 2
176543 1.0261
93923 0.009
124445 0.051
161962 3.17
140081 0.461
200 2 0.3 7 2 1
162910 1.1164
81381 0.01
126935 0.049
156606 3.622
153011 0.57
200 2 0.5 5 3 2
369785 1.3787
199174 0.017
252991 0.071
323128 4.346
302996 0.651
200 2 0.5 7 2 1
353554 1.6398
184433 0.019
251338 0.123
322464 5.093
292482 0.739
200 2 0.7 5 3 2
557109 1.524
308119 0.027
409709 0.093
490494 5.971
449900 0.944
200 2 0.7 7 2 1
582489 1.5663
314923 0.027
412866 0.103
524394 7.772
464354 1.015
200 3 0.3 5 3 2
182171 1.1657
102660 0.014
137809 0.098
165515 6.25
152303 0.869
200 3 0.3 7 2 1
209052 1.3785
112291 0.015
132537 0.071
167636 4.613
154880 0.782
200 3 0.5 5 3 2
360221 1.6808
215090 0.026
255497 0.113
299655 7.125
272550 1.246
200 3 0.5 7 2 1
382987 1.8906
211070 0.024
255854 0.11
299811 7.769
279060 1.056
200 3 0.7 5 3 2
528112 1.9471
276127 0.051
341198 0.12
415738 7.755
378625 1.473
200 3 0.7 7 2 1
550086 2.2578
288130 0.047
367305 0.178
470901 11.562
412920 1.729
200 5 0.3 5 3 2
161847 1.5744
88826 0.022
102907 0.176
124472 8.121
116362 1.143
200 5 0.3 7 2 1
210878 1.8027
119163 0.04
134913 0.181
160088 8.286
151651 1.358
200 5 0.5 5 3 2
300890 2.2963
172505 0.029
197381 0.168
228217 12.061
208034 2.05
200 5 0.5 7 2 1
366468 2.8648
203067 0.048
230168 0.22
267324 13.76
253085 2.244
200 5 0.7 5 3 2
465260 3.3059
264726 0.047
297483 0.212
335234 11.834
320611 2.228
200 5 0.7 7 2 1
520029 3.2972
275211 0.095
315548 0.244
371529 17.4
345577 2.691
225 1 0.3 5 3 2
214874 1.0744
114441 0.008
190230 0.05
210810 3.866
206925 0.577
225 1 0.3 7 2 1
272839 1.0735
146486 0.009
227065 0.044
272752 4.331
267532 0.573
225 1 0.5 5 3 2
424640 1.3666
224576 0.015
350150 0.097
423313 6.484
401058 0.774
225 1 0.5 7 2 1
435099 1.5379
248584 0.022
362217 0.084
423683 4.816
406822 0.64
225 1 0.7 5 3 2
577383 1.417
334516 0.031
463385 0.096
565316 5.342
524890 0.667
225 1 0.7 7 2 1
626051 1.625
363501 0.037
490948 0.097
609436 7.032
581221 0.856
225 2 0.3 5 3 2
220804 1.4533
112510 0.014
149359 0.065
197287 4.746
179592 0.63
225 2 0.3 7 2 1
271820 1.4266
154126 0.016
196973 0.07
267225 6.019
232662 0.776
225 2 0.5 5 3 2
374046 1.9004
193951 0.023
259008 0.091
333104 6.854
299437 0.806
225 2 0.5 7 2 1
432789 1.8498
252495 0.025
314921 0.094
377598 6.443
346790 0.803
225 2 0.7 5 3 2
520695 1.8167
307991 0.067
383206 0.124
482354 9.944
442562 1.16
225 2 0.7 7 2 1
578292 2.1532
327322 0.047
422049 0.156
516703 10.844
485399 1.479
225 3 0.3 5 3 2
192306 1.427
106064 0.034
132769 0.086
166984 8.08
155752 1.151
225 3 0.3 7 2 1
240051 1.7069
143869 0.018
187025 0.098
228227 11.312
208286 1.58
225 3 0.5 5 3 2
352623 2.563
170274 0.033
225324 0.151
284377 9.452
254934 1.081
225 3 0.5 7 2 1
427252 2.3156
225727 0.037
287852 0.151
363569 16.75
329973 1.807
225 3 0.7 5 3 2
476318 2.7105
301924 0.052
344831 0.209
402338 13.772
374642 1.754
225 3 0.7 7 2 1
614845 3.3101
346594 0.058
417212 0.185
509544 15.478
458612 1.803
225 5 0.3 5 3 2
213143 2.3534
124798 0.03
140842 0.158
174567 16.036
157769 1.985
225 5 0.3 7 2 1
247468 2.6933
138629 0.031
161479 0.224
192927 16.283
167968 2.005
225 5 0.5 5 3 2
382560 3.1104
195722 0.042
231471 0.232
281240 18.665
258411 2.287
225 5 0.5 7 2 1
402239 3.1528
235347 0.048
266654 0.236
294647 19.371
279857 2.595
225 5 0.7 5 3 2
540540 4.0275
318628 0.088
362182 0.315
416952 23.572
388876 3.18
225 5 0.7 7 2 1
551915 4.1728
320529 0.077
361595 0.306
413479 28.496
377864 3.185
250 1 0.3 5 3 2
247748 1.3278
149169 0.011
194078 0.054
244095 4.411
237391 0.517
250 1 0.3 7 2 1
300229 1.4073
186899 0.027
260902 0.089
292801 5.992
270117 0.651
250 1 0.5 5 3 2
426601 1.6264
253960 0.022
363454 0.088
424545 7.007
402738 0.806
250 1 0.5 7 2 1
503331 1.8076
282920 0.03
393208 0.087
490070 7.334
431526 0.728
250 1 0.7 5 3 2
683772 1.9096
364180 0.04
534282 0.115
668559 10.74
630200 0.933
250 1 0.7 7 2 1
733614 1.8197
382866 0.047
563521 0.125
722075 13.421
665542 1.026
250 2 0.3 5 3 2
268168 1.754
146025 0.016
192519 0.099
247012 8.902
227112 0.91
250 2 0.3 7 2 1
315475 1.8417
196484 0.02
238258 0.137
295394 7.881
262452 0.839
250 2 0.5 5 3 2
421743 2.16
256314 0.033
325994 0.117
382758 12.916
349139 0.958
250 2 0.5 7 2 1
517932 2.4014
285813 0.048
385627 0.147
480684 14.382
454024 1.514
250 2 0.7 5 3 2
640872 2.4401
376022 0.058
476156 0.184
563704 13.018
532988 1.517
250 2 0.7 7 2 1
770126 2.9503
425659 0.072
556304 0.198
684371 18.465
616765 2.16
250 3 0.3 5 3 2
267652 2.2187
165732 0.024
210705 0.134
251889 15.23
224624 1.408
250 3 0.3 7 2 1
261122 2.396
163666 0.024
190120 0.161
238292 12.188
195720 1.141
250 3 0.5 5 3 2
489542 2.7257
268926 0.042
329699 0.171
423078 20.934
362886 1.962
250 3 0.5 7 2 1
438890 3.0462
240020 0.054
302066 0.258
381731 27.195
341510 2.684
250 3 0.7 5 3 2
732528 3.5882
411517 0.073
493704 0.241
603714 20.109
538961 2.01
250 3 0.7 7 2 1
737189 3.7592
417150 0.108
499332 0.423
591142 21.716
545398 2.861
250 5 0.3 5 3 2
230293 2.7878
124132 0.039
145363 0.313
179878 26.569
160127 2.984
250 5 0.3 7 2 1
283832 3.2178
157041 0.044
179179 0.226
213787 29.64
203332 2.397
250 5 0.5 5 3 2
408557 3.6053
254174 0.082
285415 0.274
322977 32.62
303203 3.168
250 5 0.5 7 2 1
487051 4.3541
256863 0.073
309196 0.369
362765 36.873
341023 4.441
250 5 0.7 5 3 2
611368 4.7036
355203 0.108
398301 0.4
456725 29.231
408529 3.383
250 5 0.7 7 2 1
748311 6.3806
402751 0.152
467502 0.609
558421 48.429
503490 5.035
275 1 0.3 5 3 2
232310 1.6874
123816 0.012
196791 0.063
230557 9.124
227880 0.687
275 1 0.3 7 2 1
290157 1.776
170415 0.016
233412 0.066
284054 8.696
266895 0.701
275 1 0.5 5 3 2
459327 2.0445
237909 0.032
349306 0.1
445730 11.458
425307 0.915
275 1 0.5 7 2 1
512294 2.1076
254539 0.027
399540 0.106
507608 14.73
497190 1.121
275 1 0.7 5 3 2
688485 2.2048
393684 0.061
543299 0.146
676900 18.791
617643 1.305
275 1 0.7 7 2 1
802618 2.5555
415729 0.065
630628 0.225
790937 27.132
739476 1.574
275 2 0.3 5 3 2
270526 2.1625
147486 0.024
200525 0.121
248514 16.388
220019 1.324
275 2 0.3 7 2 1
274165 2.1746
144373 0.024
187815 0.108
263818 16.81
244382 1.385
275 2 0.5 5 3 2
462081 2.8335
268010 0.044
341695 0.246
421014 20.61
394468 1.529
275 2 0.5 7 2 1
501012 2.7498
273600 0.042
359695 0.15
457692 22.518
391204 1.444
275 2 0.7 5 3 2
723616 3.4282
418697 0.079
534342 0.212
665785 23.727
579839 1.718
275 2 0.7 7 2 1
816673 3.6694
429223 0.126
571532 0.37
748680 34.524
642148 2.183
275 3 0.3 5 3 2
227953 2.6389
140574 0.027
164825 0.133
217238 23.435
187507 1.593
275 3 0.3 7 2 1
261733 2.9619
151636 0.065
183762 0.163
233827 26.769
203518 1.729
275 3 0.5 5 3 2
441527 3.5411
240303 0.056
305304 0.222
385490 34.283
331598 2.089
275 3 0.5 7 2 1
451453 3.8609
236018 0.075
290626 0.379
400703 46.138
333718 3.014
275 3 0.7 5 3 2
744874 4.9251
411128 0.081
493819 0.249
620191 27.713
535107 2.002
275 3 0.7 7 2 1
792630 4.4857
414289 0.12
511039 0.327
656582 47.687
562689 3.014
275 5 0.3 5 3 2
264656 3.8373
135199 0.05
162110 0.297
212927 54.626
182082 3.225
275 5 0.3 7 2 1
245499 3.7906
140645 0.048
168895 0.276
203745 43.956
181901 3.09
275 5 0.5 5 3 2
481081 4.7829
253801 0.12
293844 0.443
355934 44.149
312381 2.708
275 5 0.5 7 2 1
473524 5.2793
248366 0.077
287837 0.372
360092 41.142
323206 4.035
275 5 0.7 5 3 2
750732 6.3099
386060 0.178
450102 0.513
527844 70.244
480472 5.676
275 5 0.7 7 2 1
738481 6.7928
450811 0.173
504683 0.512
576039 62.918
519263 4.834
300 1 0.3 5 3 2
333839 2.0184
187898 0.018
271929 0.086
333566 14.761
315176 0.991
300 1 0.3 7 2 1
322381 2.102
173742 0.022
268453 0.097
319941 14.108
301901 0.998
300 1 0.5 5 3 2
582745 2.5242
313141 0.041
459964 0.128
577875 24.445
530452 1.677
300 1 0.5 7 2 1
619266 2.7062
318780 0.045
473424 0.128
606153 14.698
564021 1.079
300 1 0.7 5 3 2
896440 2.7537
451855 0.072
663763 0.191
881073 21.233
789764 1.466
300 1 0.7 7 2 1
927634 2.7692
501250 0.1
727414 0.238
914568 19.917
866510 1.313
300 2 0.3 5 3 2
321514 2.545
163592 0.027
235701 0.136
300287 22.074
255143 1.632
300 2 0.3 7 2 1
312845 2.6996
158068 0.027
224042 0.139
293930 25.517
261113 1.615
300 2 0.5 5 3 2
617968 3.241
326375 0.056
429816 0.181
548284 22.429
491397 1.665
300 2 0.5 7 2 1
601140 3.3113
302824 0.058
438314 0.231
565582 51.257
510776 3.27
300 2 0.7 5 3 2
881144 3.5397
492648 0.108
624981 0.265
801111 27.618
721323 2.191
300 2 0.7 7 2 1
935787 4.2019
497780 0.112
671580 0.29
885173 43.026
761212 2.64
300 3 0.3 5 3 2
302051 3.0758
157751 0.033
203942 0.194
257033 27.976
228846 2.047
300 3 0.3 7 2 1
334342 3.2322
194209 0.053
240082 0.242
298148 38.688
263867 2.987
300 3 0.5 5 3 2
537992 4.1739
267034 0.084
347813 0.253
459455 34.977
380322 2.295
300 3 0.5 7 2 1
633578 4.2608
334015 0.095
418538 0.309
541872 52.53
481088 2.978
300 3 0.7 5 3 2
784105 5.1299
448821 0.18
538138 0.426
658890 43.286
573955 3.406
300 3 0.7 7 2 1
965183 5.6875
504310 0.198
623933 0.451
786609 55.622
705705 4.546
300 5 0.3 5 3 2
315046 4.1876
164390 0.056
189904 0.309
242875 51.285
214967 3.512
300 5 0.3 7 2 1
335337 4.3402
190773 0.067
222134 0.388
273157 72.366
243271 5.459
300 5 0.5 5 3 2
521337 5.5724
280720 0.137
325278 0.525
396218 97.383
347455 5.116
300 5 0.5 7 2 1
596284 7.1022
306947 0.224
355157 0.587
439920 81.24
371968 4.97
300 5 0.7 5 3 2
822944 7.0462
453961 0.456
517112 0.868
610026 80.866
532884 5.419
300 5 0.7 7 2 1
895679 8.566
463754 0.385
548369 1.598
656928 96.305
589991 6.552
